,CA_GM9_1,CA_GM9_10,CA_GM9_3,CA_GM9_4,CA_GM9_6,CA_GM9_8,CA_GM9_9
CA_GM9_1,0,1.16315081,0.287682072,0.287682072,0.693147181,2.772588722,2.079441542
CA_GM9_10,1.16315081,0,0.980829253,1.16315081,1.673976434,2.079441542,2.772588722
CA_GM9_3,0.287682072,0.980829253,0,0.470003629,0.693147181,2.772588722,2.079441542
CA_GM9_4,0.287682072,1.16315081,0.470003629,0,0.693147181,2.772588722,2.772588722
CA_GM9_6,0.693147181,1.673976434,0.693147181,0.693147181,0,2.772588722,1.673976434
CA_GM9_8,2.772588722,2.079441542,2.772588722,2.772588722,2.772588722,0,0.826678573
CA_GM9_9,2.079441542,2.772588722,2.079441542,2.772588722,1.673976434,0.826678573,0
