,CA_SD_Jsp_PJ5_13,CA_SD_Jsp_PJ5_19,CA_SD_Jsp_PJ5_22,CA_SD_Jsp_PJ5_23,CA_SD_Jsp_PJ5_24,CA_SD_Jsp_PJ5_8,CA_SD_Jsp_PJ5_9,CA_SD_Jsp_PJ6_1,CA_SD_Jsp_PJ6_11,CA_SD_Jsp_PJ6_13,CA_SD_Jsp_PJ6_17,CA_SD_Jsp_PJ6_19,CA_SD_Jsp_PJ6_20,CA_SD_Jsp_PJ6_22,CA_SD_Jsp_PJ6_23,CA_SD_Jsp_PJ6_8,CA_SD_Jsp_PJ7_1,CA_SD_Jsp_PJ7_11,CA_SD_Jsp_PJ7_16,CA_SD_Jsp_PJ7_2,CA_SD_Jsp_PJ7_20,CA_SD_Jsp_PJ7_4,CA_SD_Jsp_PJ7_5,CA_SD_Jsp_PJ7_8,CA_SD_Jsp_PJ7_9,CA_SD_Jsp_PJ8_1,CA_SD_Jsp_PJ8_12,CA_SD_Jsp_PJ8_16,CA_SD_Jsp_PJ8_18,CA_SD_Jsp_PJ8_2
CA_SD_Jsp_PJ5_13,0,0.636482837906444,2.62087350752982,0.729400525953319,0.710590810060166,0.636482837906444,1.88924580640181,0.608933796322376,0.636482837906444,0.482540448021794,0.788292043781511,0.442326823465486,1.13547400402543,3.23384936305218,2.6020033435384,0.710590810060166,0.992565431104297,1.79107312732207,1.06272888948327,1.16947636858246,1.23457914640993,1.06411585292463,1.52226121886171,1.21570898241851,1.7227665977411,2.84966406215341,2.58239298696176,0.788292043781511,1.98108639455681,2.6020033435384
CA_SD_Jsp_PJ5_19,0.636482837906444,0,1.87106198431637,0.672736183299818,0.693147180559945,0.776528789498996,1.6094379124341,0.712612103744054,0.616186139423817,0.756117792238869,0.692406987974728,0.7339691750802,0.544727175441672,2.48403783983873,2.13987389277673,0.693147180559945,1.36668400454325,1.44672671221679,1.17791480375643,0.912141330466808,1.38555416853467,1.36412645420986,1.242453324894,1.53373808920642,2.35924943564755,1.94570185911271,2.52572864430826,0.954771252442219,3.17718502039868,2.83302107333668
CA_SD_Jsp_PJ5_22,2.62087350752982,1.87106198431637,0,1.73286795139986,1.64791843300216,1.46559687620821,1.46559687620821,1.17853663913906,1.64791843300216,1.85065098705625,1.68639895357023,2.34106561356211,1.38555416853467,3.90881272152668,1.77288930523663,1.46559687620821,3.27696670201291,1.57221860977448,1.79175946922805,NA,3.98898404656427,NA,2.89037175789616,2.58381952145296,2.39772995621561,3.93009252873608,2.34106561356211,2.89037175789616,1.82937117984685,2.1783544133448
CA_SD_Jsp_PJ5_23,0.729400525953319,0.672736183299818,1.73286795139986,0,1.25255467855276,0.713558177820073,1.58902691517397,0.937323564516911,0.756117792238869,1.47330573810952,1.29103519912082,0.524316178181544,0.633515470146537,3.15677402313855,2.1194628955166,0.524316178181544,1.96531221568935,2.30178445231056,1.73286795139986,1.68018769357095,1.29103519912082,1.497866136777,1.44518587894808,1.60863727175061,2.56198198970163,NA,3.19846482760807,1.03972077083992,2.05816173447044,2.30178445231056
CA_SD_Jsp_PJ5_24,0.710590810060166,0.693147180559945,1.64791843300216,1.25255467855276,0,0.916290731874155,2.12026353620009,0.803583881949781,0.967584026261706,0.847089570444596,0.859461072637894,0.967584026261706,0.82098055206983,3.17718502039868,1.85219182032495,0.967584026261706,1.44672671221679,1.53373808920642,1.242453324894,1.23059506158534,1.38555416853467,1.11281202592896,1.31144619638095,2.5453390008849,1.88924580640181,1.94570185911271,1.71479842809193,1.17791480375643,3.17718502039868,2.13987389277673
CA_SD_Jsp_PJ5_8,0.636482837906444,0.776528789498996,1.46559687620821,0.713558177820073,0.916290731874155,0,1.13943428318836,0.957734561777039,0.415515443961666,1.00124025027185,0.859461072637894,0.446287102628419,0.693147180559945,3.17718502039868,NA,0.510825623765991,1.98572321294947,1.85219182032495,1.31144619638095,1.70059869083108,1.242453324894,1.70059869083108,1.17791480375643,0.796139146075637,2.87007505941354,2.28217409573392,3.2188758248682,0.954771252442219,3.17718502039868,NA
CA_SD_Jsp_PJ5_9,1.88924580640181,1.6094379124341,1.46559687620821,1.58902691517397,2.12026353620009,1.13943428318836,0,1.54552122667916,1.51412773262978,1.81217046648818,2.0045933769409,1.51412773262978,1.6094379124341,2.77171991229051,3.93163336200479,1.83258146374831,1.98572321294947,NA,NA,NA,2.34106561356211,2.61688942270523,1.46559687620821,1.98572321294947,3.96868734808165,2.28217409573392,2.81341071676004,3.95050352599621,1.16228199985641,3.93163336200479
CA_SD_Jsp_PJ6_1,0.608933796322376,0.712612103744054,1.17853663913906,0.937323564516911,0.803583881949781,0.957734561777039,1.54552122667916,0,0.803583881949781,0.608819497544875,0.942147861074827,1.01489297561699,1.20904899005795,2.19697760276958,1.22865934663459,1.07551759743342,1.46982140345147,1.5651315832558,1.58400174724722,1.63668200507614,1.32163748277973,1.63668200507614,1.32163748277973,1.78827513457001,1.33982130486517,1.74825378073324,1.28315696221167,1.32163748277973,3.11326833464373,1.22865934663459
CA_SD_Jsp_PJ6_11,0.636482837906444,0.616186139423817,1.64791843300216,0.756117792238869,0.967584026261706,0.415515443961666,1.51412773262978,0.803583881949781,0,1.00124025027185,0.815009310067061,0.693147180559945,0.82098055206983,1.92442205190331,2.83302107333668,0.653926467406664,3.23848618144484,1.85219182032495,1.87106198431637,1.51827713403712,1.31144619638095,1.70059869083108,1.06013176810005,1.15904463976501,1.26063714697944,1.58902691517397,2.12026353620009,0.905981088272787,2.77171991229051,2.13987389277673
CA_SD_Jsp_PJ6_13,0.482540448021794,0.756117792238869,1.85065098705625,1.47330573810952,0.847089570444596,1.00124025027185,1.81217046648818,0.608819497544875,1.00124025027185,0,0.403732004119921,1.25255467855276,1.32666265070648,2.4636268425786,3.91122236474466,1.11902328592824,1.2721650351294,2.52492800362477,1.36514317127455,1.68018769357095,1.62750743574204,1.90333124488516,1.62750743574204,1.96531221568935,2.15651688159347,2.77258872223978,2.79299971949991,1.98418237968077,2.24048329126439,2.30178445231056
CA_SD_Jsp_PJ6_17,0.788292043781511,0.692406987974728,1.68639895357023,1.29103519912082,0.859461072637894,0.859461072637894,2.0045933769409,0.942147861074827,0.815009310067061,0.403732004119921,0,1.55260825319784,1.38555416853467,1.51091744872831,2.58381952145296,1.00606454682977,1.77288930523663,1.48520723278485,1.28093384546206,1.40260697477793,1.42403468910274,1.96222276271335,1.79175946922805,1.40516452511131,2.21540839942166,NA,2.34106561356211,1.68639895357023,3.21566554096674,NA
CA_SD_Jsp_PJ6_19,0.442326823465486,0.7339691750802,2.34106561356211,0.524316178181544,0.967584026261706,0.446287102628419,1.51412773262978,1.01489297561699,0.693147180559945,1.25255467855276,1.55260825319784,0,0.7339691750802,NA,2.5453390008849,0.616186139423817,1.62904826901074,1.73440878466857,1.38555416853467,1.23059506158534,1.31144619638095,1.36412645420986,1.46559687620821,1.29257603238953,3.2755401675217,1.6943874308318,2.30258509299405,0.772449695648265,1.79089065927878,2.83302107333668
CA_SD_Jsp_PJ6_20,1.13547400402543,0.544727175441672,1.38555416853467,0.633515470146537,0.82098055206983,0.693147180559945,1.6094379124341,1.20904899005795,0.82098055206983,1.32666265070648,1.38555416853467,0.7339691750802,0,3.87033220095862,1.73440878466857,0.579818495252942,1.98572321294947,2.32219544957069,1.46559687620821,1.36412645420986,1.64791843300216,1.23059506158534,1.31144619638095,1.73440878466857,2.58239298696176,2.28217409573392,3.91202300542815,0.859461072637894,3.17718502039868,2.32219544957069
CA_SD_Jsp_PJ6_22,3.23384936305218,2.48403783983873,3.90881272152668,3.15677402313855,3.17718502039868,3.17718502039868,2.77171991229051,2.19697760276958,1.92442205190331,2.4636268425786,1.51091744872831,NA,3.87033220095862,0,0.711888727187316,3.17718502039868,1.18189235643305,1.25088522792,2.11705325229863,1.07112122145943,2.11705325229863,1.32243564974034,1.71158814419047,2.50364819641537,0.982557564445682,1.14187100259628,0.612235662937138,2.29937480909258,3.13549421592915,1.25088522792
CA_SD_Jsp_PJ6_23,2.6020033435384,2.13987389277673,1.77288930523663,2.1194628955166,1.85219182032495,NA,3.93163336200479,1.22865934663459,2.83302107333668,3.91122236474466,2.58381952145296,2.5453390008849,1.73440878466857,0.711888727187316,0,1.85219182032495,1.06087196068526,0.619039208406223,1.89067234089301,0.844740310053818,1.40516452511131,1.25020541816198,1.66752878957881,2.15948424935337,0.621001874671814,1.13863364250488,0.46589745920506,1.33105655295759,3.88994255753526,0.655406852577098
CA_SD_Jsp_PJ6_8,0.710590810060166,0.693147180559945,1.46559687620821,0.524316178181544,0.967584026261706,0.510825623765991,1.83258146374831,1.07551759743342,0.653926467406664,1.11902328592824,1.00606454682977,0.616186139423817,0.579818495252942,3.17718502039868,1.85219182032495,0,1.85219182032495,1.62904826901074,1.11729018193999,1.23059506158534,1.11729018193999,1.36412645420986,1.06013176810005,1.29257603238953,1.57079207528328,2.28217409573392,2.52572864430826,0.954771252442219,2.77171991229051,2.5453390008849
CA_SD_Jsp_PJ7_1,0.992565431104297,1.36668400454325,3.27696670201291,1.96531221568935,1.44672671221679,1.98572321294947,1.98572321294947,1.46982140345147,3.23848618144484,1.2721650351294,1.77288930523663,1.62904826901074,1.98572321294947,1.18189235643305,1.06087196068526,1.85219182032495,0,1.17865499634165,1.57221860977448,0.931751687043448,1.19752516033307,1.53788749061376,1.48520723278485,1.75401914124521,1.21570898241851,1.83178082306482,1.22358316090258,1.33105655295759,NA,1.11803037452521
CA_SD_Jsp_PJ7_11,1.79107312732207,1.44672671221679,1.57221860977448,2.30178445231056,1.53373808920642,1.85219182032495,NA,1.5651315832558,1.85219182032495,2.52492800362477,1.48520723278485,1.73440878466857,2.32219544957069,1.25088522792,0.619039208406223,1.62904826901074,1.17865499634165,0,1.02567490340641,0.557058237602038,1.33105655295759,0.931751687043448,1.26206368147064,1.31218638896617,0.621001874671814,0.820179911386343,0.564337532018313,1.02567490340641,3.88994255753526,0.906721280858004
CA_SD_Jsp_PJ7_16,1.06272888948327,1.17791480375643,1.79175946922805,1.73286795139986,1.242453324894,1.31144619638095,NA,1.58400174724722,1.87106198431637,1.36514317127455,1.28093384546206,1.38555416853467,1.46559687620821,2.11705325229863,1.89067234089301,1.11729018193999,1.57221860977448,1.02567490340641,0,0.950621851034872,2.60268968544438,1.96222276271335,2.19722457733622,1.13690053851663,1.23457914640993,1.44518587894808,1.64791843300216,0.897941593205959,NA,1.40516452511131
CA_SD_Jsp_PJ7_2,1.16947636858246,0.912141330466808,NA,1.68018769357095,1.23059506158534,1.70059869083108,NA,1.63668200507614,1.51827713403712,1.68018769357095,1.40260697477793,1.23059506158534,1.36412645420986,1.07112122145943,0.844740310053818,1.23059506158534,0.931751687043448,0.557058237602038,0.950621851034872,0,1.26907558215341,0.762140052046897,1.40260697477793,1.53788749061376,1.06411585292463,0.89173033320668,1.00745151027113,0.950621851034872,3.26834579879565,1.1324223825056
CA_SD_Jsp_PJ7_20,1.23457914640993,1.38555416853467,3.98898404656427,1.29103519912082,1.38555416853467,1.242453324894,2.34106561356211,1.32163748277973,1.31144619638095,1.62750743574204,1.42403468910274,1.31144619638095,1.64791843300216,2.11705325229863,1.40516452511131,1.11729018193999,1.19752516033307,1.33105655295759,2.60268968544438,1.26907558215341,0,0.863610474045242,0.6216882165778,0.568916500910695,1.06272888948327,1.22204232763387,1.87106198431637,0.944461608840852,3.90881272152668,1.40516452511131
CA_SD_Jsp_PJ7_4,1.06411585292463,1.36412645420986,NA,1.497866136777,1.11281202592896,1.70059869083108,2.61688942270523,1.63668200507614,1.70059869083108,1.90333124488516,1.96222276271335,1.36412645420986,1.23059506158534,1.32243564974034,1.25020541816198,1.36412645420986,1.53788749061376,0.931751687043448,1.96222276271335,0.762140052046897,0.863610474045242,0,1.26907558215341,0.931751687043448,1.16947636858246,0.987040513011005,1.51827713403712,0.950621851034872,3.26834579879565,2.23103467117371
CA_SD_Jsp_PJ7_5,1.52226121886171,1.242453324894,2.89037175789616,1.44518587894808,1.31144619638095,1.17791480375643,1.46559687620821,1.32163748277973,1.06013176810005,1.62750743574204,1.79175946922805,1.46559687620821,1.31144619638095,1.71158814419047,1.66752878957881,1.06013176810005,1.48520723278485,1.26206368147064,2.19722457733622,1.40260697477793,0.6216882165778,1.26907558215341,0,0.925591444849428,1.11679611075355,1.44518587894808,1.64791843300216,1.09861228866811,3.21566554096674,1.57221860977448
CA_SD_Jsp_PJ7_8,1.21570898241851,1.53373808920642,2.58381952145296,1.60863727175061,2.5453390008849,0.796139146075637,1.98572321294947,1.78827513457001,1.15904463976501,1.96531221568935,1.40516452511131,1.29257603238953,1.73440878466857,2.50364819641537,2.15948424935337,1.29257603238953,1.75401914124521,1.31218638896617,1.13690053851663,1.53788749061376,0.568916500910695,0.931751687043448,0.925591444849428,0,1.68571261166424,1.20317216364245,1.73440878466857,0.879071429214535,NA,1.46633706879343
CA_SD_Jsp_PJ7_9,1.7227665977411,2.35924943564755,2.39772995621561,2.56198198970163,1.88924580640181,2.87007505941354,3.96868734808165,1.33982130486517,1.26063714697944,2.15651688159347,2.21540839942166,3.2755401675217,2.58239298696176,0.982557564445682,0.621001874671814,1.57079207528328,1.21570898241851,0.621001874671814,1.23457914640993,1.06411585292463,1.06272888948327,1.16947636858246,1.11679611075355,1.68571261166424,0,0.952544077267529,0.710590810060166,1.01143559509572,2.82838425494401,0.769421879790088
CA_SD_Jsp_PJ8_1,2.84966406215341,1.94570185911271,3.93009252873608,NA,1.94570185911271,2.28217409573392,2.28217409573392,1.74825378073324,1.58902691517397,2.77258872223978,NA,1.6943874308318,2.28217409573392,1.14187100259628,1.13863364250488,2.28217409573392,1.83178082306482,0.820179911386343,1.44518587894808,0.89173033320668,1.22204232763387,0.987040513011005,1.44518587894808,1.20317216364245,0.952544077267529,0,0.947173029001578,1.44518587894808,1.90401105464318,0.733168534396713
CA_SD_Jsp_PJ8_12,2.58239298696176,2.52572864430826,2.34106561356211,3.19846482760807,1.71479842809193,3.2188758248682,2.81341071676004,1.28315696221167,2.12026353620009,2.79299971949991,2.34106561356211,2.30258509299405,3.91202300542815,0.612235662937138,0.46589745920506,2.52572864430826,1.22358316090258,0.564337532018313,1.64791843300216,1.00745151027113,1.87106198431637,1.51827713403712,1.64791843300216,1.73440878466857,0.710590810060166,0.947173029001578,0,1.64791843300216,NA,0.599428851829583
CA_SD_Jsp_PJ8_16,0.788292043781511,0.954771252442219,2.89037175789616,1.03972077083992,1.17791480375643,0.954771252442219,3.95050352599621,1.32163748277973,0.905981088272787,1.98418237968077,1.68639895357023,0.772449695648265,0.859461072637894,2.29937480909258,1.33105655295759,0.954771252442219,1.33105655295759,1.02567490340641,0.897941593205959,0.950621851034872,0.944461608840852,0.950621851034872,1.09861228866811,0.879071429214535,1.01143559509572,1.44518587894808,1.64791843300216,0,3.90881272152668,1.57221860977448
CA_SD_Jsp_PJ8_18,1.98108639455681,3.17718502039868,1.82937117984685,2.05816173447044,3.17718502039868,3.17718502039868,1.16228199985641,3.11326833464373,2.77171991229051,2.24048329126439,3.21566554096674,1.79089065927878,3.17718502039868,3.13549421592915,3.88994255753526,2.77171991229051,NA,3.88994255753526,NA,3.26834579879565,3.90881272152668,3.26834579879565,3.21566554096674,NA,2.82838425494401,1.90401105464318,NA,3.90881272152668,0,3.88994255753526
CA_SD_Jsp_PJ8_2,2.6020033435384,2.83302107333668,2.1783544133448,2.30178445231056,2.13987389277673,NA,3.93163336200479,1.22865934663459,2.13987389277673,2.30178445231056,NA,2.83302107333668,2.32219544957069,1.25088522792,0.655406852577098,2.5453390008849,1.11803037452521,0.906721280858004,1.40516452511131,1.1324223825056,1.40516452511131,2.23103467117371,1.57221860977448,1.46633706879343,0.769421879790088,0.733168534396713,0.599428851829583,1.57221860977448,3.88994255753526,0
