,CA_Ma_JH_PJ19_1,CA_Ma_JH_PJ19_11,CA_Ma_JH_PJ19_12,CA_Ma_JH_PJ19_13,CA_Ma_JH_PJ19_14,CA_Ma_JH_PJ19_15,CA_Ma_JH_PJ19_16,CA_Ma_JH_PJ19_17,CA_Ma_JH_PJ19_18,CA_Ma_JH_PJ19_19,CA_Ma_JH_PJ19_2,CA_Ma_JH_PJ19_20,CA_Ma_JH_PJ19_21,CA_Ma_JH_PJ19_22,CA_Ma_JH_PJ19_23,CA_Ma_JH_PJ19_24,CA_Ma_JH_PJ19_3,CA_Ma_JH_PJ19_4,CA_Ma_JH_PJ19_5,CA_Ma_JH_PJ19_7,CA_Ma_JH_PJ19_8,CA_Ma_JH_PJ20_1,CA_Ma_JH_PJ20_10,CA_Ma_JH_PJ20_11,CA_Ma_JH_PJ20_12,CA_Ma_JH_PJ20_13,CA_Ma_JH_PJ20_14,CA_Ma_JH_PJ20_15,CA_Ma_JH_PJ20_16,CA_Ma_JH_PJ20_17,CA_Ma_JH_PJ20_18,CA_Ma_JH_PJ20_19,CA_Ma_JH_PJ20_2,CA_Ma_JH_PJ20_20,CA_Ma_JH_PJ20_21,CA_Ma_JH_PJ20_22,CA_Ma_JH_PJ20_23,CA_Ma_JH_PJ20_24,CA_Ma_JH_PJ20_3,CA_Ma_JH_PJ20_4,CA_Ma_JH_PJ20_5,CA_Ma_JH_PJ20_6,CA_Ma_JH_PJ20_7,CA_Ma_JH_PJ20_8
CA_Ma_JH_PJ19_1,0,1.20317216364245,0.692460838653959,0.635796496000458,1.34627300728312,0.530435980342631,1.02567490340641,0.773189888233482,0.730201166636806,0.897255251299972,0.674277016568522,2.5453390008849,1.77288930523663,2.37885979222419,1.02085060684849,0.935901088450796,0.504377979773124,1.19752516033307,1.22358316090258,0.810243874310343,1.94403240847995,0.432949643168875,1.65936057991896,0.579017854569455,0.798900104176945,0.517256514096281,0.915490091190668,0.673536823983305,0.712017344551369,0.97734491835368,1.07800902068844,0.571879810245515,0.796139146075637,1.09842001794857,1.44672671221679,2.1194628955166,0.530435980342631,1.00680473941499,0.377379792014064,0.753579531656841,1.42631571495666,1.13863364250488,0.655406852577098,0.955511445027436
CA_Ma_JH_PJ19_11,1.20317216364245,0,1.55038107802315,0.800569554809703,1.03798766685167,1.25255467855276,1.98418237968077,1.2721650351294,1.24022614971931,0.45176878935504,1.36514317127455,1.49371673536965,0.839050075377767,1.24022614971931,0.92676203174145,0.633515470146537,2.32065461630198,1.29103519912082,1.94570185911271,1.00383737165508,0.714426987769343,1.24022614971931,2.08934285532793,0.575364144903562,1.14187100259628,1.13863364250488,1.09861228866811,2.09985253893996,1.98418237968077,2.03593585318502,1.92529086185258,1.26274596495154,0.756117792238869,1.25255467855276,1.58902691517397,0.980829253011726,0.756117792238869,1.34627300728312,1.86883480914168,1.32666265070648,1.30625165344635,1.38629436111989,2.1194628955166,0.915490091190668
CA_Ma_JH_PJ19_12,0.692460838653959,1.55038107802315,0,1.07831559018548,0.903753913098097,0.502951445281921,0.74907133062823,0.730201166636806,0.441832752279039,1.25276296849537,0.711331002645383,1.40373799062011,1.36811053903445,2.23359222150709,1.46336970103352,0.710590810060166,0.711331002645383,0.962645430926289,0.833193132152498,1.7227665977411,1.36204718615059,0.624154309072994,1.37796083487728,0.770222520473574,0.835954090253806,0.587100322996133,0.616071840646316,0.972955074527657,1.23457914640993,0.860248224603282,0.770222520473574,0.608933796322376,0.601391518095174,1.02424836891521,1.32963001846639,1.38332699335998,0.502951445281921,0.810243874310343,0.591364486250003,0.749811523213447,2.15651688159347,1.17568762858174,0.656093194483084,0.852803488729139
CA_Ma_JH_PJ19_13,0.635796496000458,0.800569554809703,1.07831559018548,0,1.11902328592824,0.916290731874155,1.17791480375643,0.599428851829583,1.19609862584187,0.790633517733702,0.772449695648265,1.51412773262978,1.31144619638095,1.32963001846639,1.6943874308318,0.82098055206983,1.55260825319784,0.731627701128009,1.42711635564015,0.601391518095174,1.38542555117062,0.636482837906444,1.41660667202811,0.756117792238869,0.92589322179218,0.935901088450796,1.0583986641118,0.82098055206983,0.73162770112801,1.14005611857099,1.0583986641118,0.712612103744054,0.867500567704723,1.20397280432594,1.51412773262978,1.58902691517397,0.82098055206983,1.04126160410862,0.790633517733702,1.13943428318836,1.11902328592824,1.40670535838002,1.09842001794857,1.04126160410862
CA_Ma_JH_PJ19_14,1.34627300728312,1.03798766685167,0.903753913098097,1.11902328592824,0,0.595775142163689,0.985653549569642,0.820179911386343,1.00383737165508,0.547078969159365,1.29103519912082,1.32666265070648,1.85065098705625,1.24022614971931,0.980829253011726,0.713558177820073,1.36514317127455,1.1575038064963,0.756117792238869,1.05790459292536,0.482625373712019,1.00383737165508,0.990730566659816,0.65232518603969,0.854188930144502,0.966783385578219,0.8754687373539,1.81217046648818,1.62750743574204,0.73665286905476,0.735706794978741,1.05510660017329,1.0583986641118,0.800569554809703,1.00124025027185,1.92529086185258,0.847089570444595,0.775728148815509,0.952544077267529,1.32666265070648,1.67397643357167,0.65232518603969,1.20317216364245,1.34627300728312
CA_Ma_JH_PJ19_15,0.530435980342631,1.25255467855276,0.502951445281921,0.916290731874155,0.595775142163689,0,0.859461072637894,0.49764615751964,0.472179786615167,1.40373799062011,0.772449695648265,1.42711635564015,1.31144619638095,1.77146277074543,1.40670535838002,0.967584026261706,0.549306144334055,0.618299015821006,0.693147180559945,1.48378069829365,1.23127487134336,0.502951445281921,1.23428511523415,0.524316178181544,0.92589322179218,0.24275390789085,0.713558177820073,1.02165124753198,1.31144619638095,1.14005611857099,0.713558177820073,0.852374046119213,1.02165124753198,1.34707364796661,1.34707364796661,1.81217046648818,0.616186139423817,0.673536823983305,0.636482837906444,0.653926467406664,1.0583986641118,0.895879734614027,0.987194382838346,1.22358316090258
CA_Ma_JH_PJ19_16,1.02567490340641,1.98418237968077,0.74907133062823,1.17791480375643,0.985653549569642,0.859461072637894,0,0.674277016568522,0.674963358474508,1.2991176675475,0.693147180559945,1.64791843300216,1.79175946922805,1.44221851118818,2.32065461630198,1.06013176810005,0.853489830635125,0.897941593205959,0.73162770112801,1.36811053903445,1.26975539191143,1.2991176675475,1.27276563580222,1.29103519912082,1.20076252042447,1.02567490340641,1.62750743574204,0.772449695648265,1.34992671694902,1.17853663913906,0.88557009101266,0.628490302219786,0.954771252442219,1.64791843300216,1.64791843300216,1.85065098705625,0.654666659991881,1.33105655295759,0.788292043781511,1.06013176810005,2.13833305950803,0.711216703867882,0.834619666643701,0.879071429214535
CA_Ma_JH_PJ19_17,0.773189888233482,1.2721650351294,0.730201166636806,0.599428851829583,0.820179911386343,0.49764615751964,0.674277016568522,0,0.324736058528642,1.15508436060207,1.02567490340641,1.44672671221679,1.57221860977448,1.34924037504303,2.30178445231056,0.935901088450796,1.02567490340641,0.386594944116741,0.376285300515373,1.28024750355608,0.999570799639096,0.587100322996133,1.09974479198354,0.966783385578219,0.798900104176945,0.655406852577098,0.966783385578219,0.796139146075637,1.19752516033307,1.09512795401006,0.692346539876458,0.923277697083404,1.15904463976501,1.29257603238953,1.29257603238953,1.83178082306482,0.796139146075637,0.583947888594953,0.587100322996133,0.796139146075637,0.866699927021236,0.866699927021236,0.906721280858004,1.64865862558738
CA_Ma_JH_PJ19_18,0.730201166636806,1.24022614971931,0.441832752279039,1.19609862584187,1.00383737165508,0.472179786615167,0.674963358474508,0.324736058528642,0,0.980829253011726,1.01143559509572,1.88924580640181,1.44221851118818,1.54044504094715,1.46336970103352,0.833193132152498,0.48080734403355,0.541431965849985,0.502951445281921,1.46040233327361,1.03662478571596,0.767255152713667,1.1367987780604,1.00383737165508,0.835954090253806,0.587100322996133,0.857233897463204,0.877644894723332,1.52226121886171,0.909038388772714,0.514289146336374,0.860248224603282,0.972955074527657,1.19609862584187,0.972955074527657,1.46336970103352,0.672850482077318,1.09792594676212,0.934309237376833,0.710590810060166,1.30921902120626,0.903753913098097,0.522561801858562,1.21570898241851
CA_Ma_JH_PJ19_19,0.897255251299972,0.45176878935504,1.25276296849537,0.790633517733702,0.547078969159365,1.40373799062011,1.2991176675475,1.15508436060207,0.980829253011726,0,0.871673652720562,1.88924580640181,1.44221851118818,0.980829253011726,0.81278213489237,0.413339286592234,1.60927259585134,1.92772632696988,1.26063714697944,0.559615787935423,0.559700713625648,1.02961941718116,1.37796083487728,0.690179812800038,0.982557564445682,1.34924037504303,0.952544077267529,1.57079207528328,1.52226121886171,0.860248224603282,1.00383737165508,0.860248224603282,0.672850482077318,0.672850482077318,0.924164910358225,1.86883480914168,0.601391518095174,1.34924037504303,1.08091271156871,1.40373799062011,1.55038107802315,1.05790459292536,0.897255251299972,0.852803488729139
CA_Ma_JH_PJ19_2,0.674277016568522,1.36514317127455,0.711331002645383,0.772449695648265,1.29103519912082,0.772449695648265,0.693147180559945,1.02567490340641,1.01143559509572,0.871673652720562,0,2.34106561356211,1.68639895357023,1.92772632696988,1.62750743574204,0.815009310067061,0.897941593205959,1.21639532432449,1.17791480375643,0.74907133062823,1.26975539191143,0.829114038301766,1.45508719259617,0.934360255182092,1.42390607173868,0.879071429214535,0.934360255182092,0.618299015821006,0.897941593205959,1.24752951062601,1.1575038064963,0.331238778751854,0.772449695648265,1.17791480375643,1.17791480375643,2.13833305950803,0.516516321511064,1.19752516033307,0.674963358474508,1.31144619638095,1.85065098705625,0.88557009101266,0.637909372397647,0.504377979773124
CA_Ma_JH_PJ19_20,2.5453390008849,1.49371673536965,1.40373799062011,1.51412773262978,1.32666265070648,1.42711635564015,1.64791843300216,1.44672671221679,1.88924580640181,1.88924580640181,2.34106561356211,0,1.242453324894,1.77146277074543,1.6943874308318,2.30258509299405,1.38555416853467,1.31144619638095,1.07880966137193,1.26063714697944,1.23127487134336,2.17692787885359,1.23428511523415,1.32666265070648,1.30538284349708,1.15904463976501,1.18356180706581,1.83258146374831,1.75327894865999,1.76866477799337,1.00124025027185,1.76866477799337,1.42711635564015,1.20397280432594,1.6094379124341,1.6943874308318,1.83258146374831,1.36668400454325,2.02277719902633,1.71479842809193,1.81217046648818,1.58902691517397,1.98572321294947,1.36668400454325
CA_Ma_JH_PJ19_21,1.77288930523663,0.839050075377767,1.36811053903445,1.31144619638095,1.85065098705625,1.31144619638095,1.79175946922805,1.57221860977448,1.44221851118818,1.44221851118818,1.68639895357023,1.242453324894,0,0.871673652720562,2.54379816761619,1.31144619638095,1.5910887737659,1.28093384546206,2.34106561356211,1.92772632696988,1.60622762853264,1.44221851118818,1.35977701279185,1.44518587894808,1.82937117984685,1.33105655295759,1.29103519912082,2.8518912373281,2.60268968544438,2.78797455157316,1.62750743574204,1.4886915674429,0.954771252442219,3.95050352599621,1.38555416853467,0.597888018560879,1.64791843300216,2.1783544133448,2.21540839942166,1.31144619638095,1.73286795139986,2.13833305950803,1.89067234089301,1.66752878957881
CA_Ma_JH_PJ19_22,2.37885979222419,1.24022614971931,2.23359222150709,1.32963001846639,1.24022614971931,1.77146277074543,1.44221851118818,1.34924037504303,1.54044504094715,0.980829253011726,1.92772632696988,1.77146277074543,0.871673652720562,0,3.25512917026157,0.877644894723332,2.39772995621561,1.36811053903445,1.40373799062011,1.7227665977411,1.03662478571596,1.7227665977411,0.885484349779491,2.00236620176621,2.13523707438407,1.79107312732207,2.00236620176621,2.87007505941354,2.62087350752982,1.70754608499049,1.24022614971931,1.95886051327139,1.26063714697944,2.02277719902633,0.710590810060166,0.652439484817191,1.77146277074543,1.90885616297845,1.7227665977411,1.6661022550876,1.55038107802315,1.64569125782747,2.19653823543023,1.68571261166424
CA_Ma_JH_PJ19_23,1.02085060684849,0.92676203174145,1.46336970103352,1.6943874308318,0.980829253011726,1.40670535838002,2.32065461630198,2.30178445231056,1.46336970103352,0.81278213489237,1.62750743574204,1.6943874308318,2.54379816761619,3.25512917026157,0,1.11902328592824,1.22204232763387,1.62750743574204,2.28217409573392,0.952544077267529,1.21086387408323,1.55038107802315,1.75287061870671,1.03798766685167,1.36501455391049,1.83178082306482,1.23214368129263,2.09985253893996,1.85065098705625,1.18863799279782,2.484906649788,1.26274596495154,1.32666265070648,1.00124025027185,1.6943874308318,1.92529086185258,1.18356180706581,1.34627300728312,2.00236620176621,2.50531764704813,2.07944154167984,1.79175946922805,1.51332709194629,0.866699927021236
CA_Ma_JH_PJ19_24,0.935901088450796,0.633515470146537,0.710590810060166,0.82098055206983,0.713558177820073,0.967584026261706,1.06013176810005,0.935901088450796,0.833193132152498,0.413339286592234,0.815009310067061,2.30258509299405,1.31144619638095,0.877644894723332,1.11902328592824,0,1.38555416853467,1.242453324894,0.916290731874155,0.972955074527657,0.87459992740463,0.672850482077319,1.23428511523415,0.633515470146537,0.92589322179218,0.987194382838346,0.895879734614027,1.20397280432594,1.242453324894,0.852374046119213,1.00124025027185,0.590009781651722,0.446287102628419,0.579818495252942,1.42711635564015,1.32666265070648,0.653926467406664,0.935901088450796,0.833193132152498,1.13943428318836,1.25255467855276,0.672736183299818,0.935901088450796,1.04126160410862
CA_Ma_JH_PJ19_3,0.504377979773124,2.32065461630198,0.711331002645383,1.55260825319784,1.36514317127455,0.549306144334055,0.853489830635125,1.02567490340641,0.48080734403355,1.60927259585134,0.897941593205959,1.38555416853467,1.5910887737659,2.39772995621561,1.22204232763387,1.38555416853467,0,0.810930216216329,0.815009310067061,1.11679611075355,2.11705325229863,1.01143559509572,1.19272292812868,1.1575038064963,1.20076252042447,0.637909372397647,1.09687918467987,0.692406987974728,0.897941593205959,0.942147861074827,0.985653549569642,0.890854566687277,0.815009310067061,1.242453324894,1.55260825319784,1.62750743574204,0.859461072637894,1.48520723278485,0.788292043781511,0.654666659991881,1.03972077083992,0.752038698388137,0.75123805770465,1.26206368147064
CA_Ma_JH_PJ19_4,1.19752516033307,1.29103519912082,0.962645430926289,0.731627701128009,1.1575038064963,0.618299015821006,0.897941593205959,0.386594944116741,0.541431965849985,1.92772632696988,1.21639532432449,1.31144619638095,1.28093384546206,1.36811053903445,1.62750743574204,1.242453324894,0.810930216216329,0,0.859461072637894,1.36811053903445,1.71158814419047,0.829114038301766,1.27276563580222,1.09687918467987,1.1362239992869,0.712017344551369,1.1575038064963,0.815009310067061,1.09861228866811,1.40168019045327,0.794598312806933,1.05337349618505,1.17791480375643,2.15874405676816,2.15874405676816,1.62750743574204,1.31144619638095,0.834619666643701,0.916125415291396,0.859461072637894,0.839050075377767,0.934360255182092,1.07974212467669,1.33105655295759
CA_Ma_JH_PJ19_5,1.22358316090258,1.94570185911271,0.833193132152498,1.42711635564015,0.756117792238869,0.693147180559945,0.73162770112801,0.376285300515373,0.502951445281921,1.26063714697944,1.17791480375643,1.07880966137193,2.34106561356211,1.40373799062011,2.28217409573392,0.916290731874155,0.815009310067061,0.859461072637894,0,1.40373799062011,0.92589322179218,0.924164910358225,0.885978420965938,1.32666265070648,0.825809763235198,0.840590908646471,1.25255467855276,0.967584026261706,1.64791843300216,0.712612103744054,0.713558177820073,1.20904899005794,1.27296567581289,0.693147180559945,1.27296567581289,1.94570185911271,0.82098055206983,0.987194382838346,0.636482837906444,0.776528789498996,1.32666265070648,0.524316178181544,0.887110924281364,1.98572321294947
CA_Ma_JH_PJ19_7,0.810243874310343,1.00383737165508,1.7227665977411,0.601391518095174,1.05790459292536,1.48378069829365,1.36811053903445,1.28024750355608,1.46040233327361,0.559615787935423,0.74907133062823,1.26063714697944,1.92772632696988,1.7227665977411,0.952544077267529,0.972955074527657,1.11679611075355,1.36811053903445,1.40373799062011,0,1.84755500193229,1.46040233327361,1.69641456599582,0.770222520473574,0.708120718743921,1.15508436060207,1.00383737165508,0.924164910358225,0.674963358474508,0.960331683160265,1.17568762858174,0.769276446397556,1.07831559018548,0.924164910358225,0.877644894723332,2.56198198970163,0.790633517733702,1.09792594676212,1.19213834667893,1.6661022550876,1.30921902120626,1.00383737165508,1.50339105487029,1.04385872549185
CA_Ma_JH_PJ19_8,1.94403240847995,0.714426987769343,1.36204718615059,1.38542555117062,0.482625373712019,1.23127487134336,1.26975539191143,0.999570799639096,1.03662478571596,0.559700713625648,1.26975539191143,1.23127487134336,1.60622762853264,1.03662478571596,1.21086387408323,0.87459992740463,2.11705325229863,1.71158814419047,0.92589322179218,1.84755500193229,0,1.44208989382412,1.37491586755858,1.28497184623696,1.88273124743378,1.49204728473689,1.21086387408323,3.17718502039868,2.29937480909258,1.32150886541568,1.21086387408323,1.32150886541568,1.47243692816025,0.979960443062456,1.16228199985641,1.36501455391049,0.92589322179218,1.25088522792,1.36204718615059,2.07857273173057,1.77047966201866,1.21086387408323,1.32499320007372,1.11735383529548
CA_Ma_JH_PJ20_1,0.432949643168875,1.24022614971931,0.624154309072994,0.636482837906444,1.00383737165508,0.502951445281921,1.2991176675475,0.587100322996133,0.767255152713667,1.02961941718116,0.829114038301766,2.17692787885359,1.44221851118818,1.7227665977411,1.55038107802315,0.672850482077319,1.01143559509572,0.829114038301766,0.924164910358225,1.46040233327361,1.44208989382412,0,1.21090675021412,0.580980520835046,1.03662478571596,0.522561801858562,0.652439484817191,0.790633517733702,0.962645430926289,0.860248224603282,0.729400525953319,0.646674124305223,0.877644894723332,0.924164910358225,1.40373799062011,2.15651688159347,0.833193132152498,0.897255251299972,0.498991166118988,1.07831559018548,1.38332699335998,1.24022614971931,0.522561801858562,1.15508436060207
CA_Ma_JH_PJ20_10,1.65936057991896,2.08934285532793,1.37796083487728,1.41660667202811,0.990730566659816,1.23428511523415,1.27276563580222,1.09974479198354,1.1367987780604,1.37796083487728,1.45508719259617,1.23428511523415,1.35977701279185,0.885484349779491,1.75287061870671,1.23428511523415,1.19272292812868,1.27276563580222,0.885978420965938,1.69641456599582,1.37491586755858,1.21090675021412,0,1.39619567476798,1.19259431076463,1.43621702860475,1.50155619042581,1.41660667202811,1.96591281636216,1.09032572180567,1.05972343814677,1.45805050193099,1.23428511523415,0.828820007125989,0.674669327298731,1.05972343814677,1.77328161596684,2.12936420916469,1.37796083487728,1.41660667202811,2.60016847909392,0.990730566659816,1.09974479198354,1.54157754426257
CA_Ma_JH_PJ20_11,0.579017854569455,0.575364144903562,0.770222520473574,0.756117792238869,0.65232518603969,0.524316178181544,1.29103519912082,0.966783385578219,1.00383737165508,0.690179812800038,0.934360255182092,1.32666265070648,1.44518587894808,2.00236620176621,1.03798766685167,0.633515470146537,1.1575038064963,1.09687918467987,1.32666265070648,0.770222520473574,1.28497184623696,0.580980520835046,1.39619567476798,0,0.482625373712019,0.384861840128498,0.405465108108164,1.0583986641118,0.88557009101266,0.99448197835686,1.09861228866811,0.831963048859085,0.559407497992815,0.847089570444595,1.40670535838002,1.79175946922805,0.756117792238869,0.775728148815509,0.770222520473574,1.00124025027185,1.47330573810952,0.8754687373539,0.866699927021236,1.2721650351294
CA_Ma_JH_PJ20_12,0.798900104176945,1.14187100259628,0.835954090253806,0.92589322179218,0.854188930144502,0.92589322179218,1.20076252042447,0.798900104176945,0.835954090253806,0.982557564445682,1.42390607173868,1.30538284349708,1.82937117984685,2.13523707438407,1.36501455391049,0.92589322179218,1.20076252042447,1.1362239992869,0.825809763235198,0.708120718743921,1.88273124743378,1.03662478571596,1.19259431076463,0.482625373712019,0,0.798900104176945,0.714426987769343,0.734837985029471,0.773318505597535,0.715373061845362,0.80539876597507,1.16735818558842,0.692278370610675,0.692278370610675,1.38542555117062,2.05816173447044,0.87459992740463,0.945503578368821,0.748942713264176,0.574495334954291,1.14187100259628,0.854188930144502,0.798900104176945,1.49204728473689
CA_Ma_JH_PJ20_13,0.517256514096281,1.13863364250488,0.587100322996133,0.935901088450796,0.966783385578219,0.24275390789085,1.02567490340641,0.655406852577098,0.587100322996133,1.34924037504303,0.879071429214535,1.15904463976501,1.33105655295759,1.79107312732207,1.83178082306482,0.987194382838346,0.637909372397647,0.712017344551369,0.840590908646471,1.15508436060207,1.49204728473689,0.522561801858562,1.43621702860475,0.384861840128498,0.798900104176945,0,0.543926534758185,0.935901088450796,0.879071429214535,1.15966647514763,0.543926534758185,0.871984402695853,0.840590908646471,1.29257603238953,1.44672671221679,1.71399778740844,0.753579531656841,0.732367893713227,0.587100322996133,0.635796496000458,1.2721650351294,1.13863364250488,0.906721280858004,1.38629436111989
CA_Ma_JH_PJ20_14,0.915490091190668,1.09861228866811,0.616071840646316,1.0583986641118,0.8754687373539,0.713558177820073,1.62750743574204,0.966783385578219,0.857233897463204,0.952544077267529,0.934360255182092,1.18356180706581,1.29103519912082,2.00236620176621,1.23214368129263,0.895879734614027,1.09687918467987,1.1575038064963,1.25255467855276,1.00383737165508,1.21086387408323,0.652439484817191,1.50155619042581,0.405465108108164,0.714426987769343,0.543926534758185,0,1.25255467855276,1.03972077083992,1.05510660017329,0.980829253011726,0.883256343246636,0.633515470146537,1.11902328592824,1.25255467855276,1.30625165344635,1.25255467855276,1.13863364250488,0.903753913098097,1.49371673536965,1.30625165344635,1.23214368129263,0.733168534396713,1.51332709194629
CA_Ma_JH_PJ20_15,0.673536823983305,2.09985253893996,0.972955074527657,0.82098055206983,1.81217046648818,1.02165124753198,0.772449695648265,0.796139146075637,0.877644894723332,1.57079207528328,0.618299015821006,1.83258146374831,2.8518912373281,2.87007505941354,2.09985253893996,1.20397280432594,0.692406987974728,0.815009310067061,0.967584026261706,0.924164910358225,3.17718502039868,0.790633517733702,1.41660667202811,1.0583986641118,0.734837985029471,0.935901088450796,1.25255467855276,0,0.516516321511064,1.07551759743342,0.672736183299818,0.712612103744054,0.776528789498996,1.02165124753198,2.12026353620009,3.19846482760807,0.776528789498996,1.53373808920642,0.567489966419492,0.579818495252942,1.11902328592824,0.756117792238869,0.635796496000458,0.935901088450796
CA_Ma_JH_PJ20_16,0.712017344551369,1.98418237968077,1.23457914640993,0.73162770112801,1.62750743574204,1.31144619638095,1.34992671694902,1.19752516033307,1.52226121886171,1.52226121886171,0.897941593205959,1.75327894865999,2.60268968544438,2.62087350752982,1.85065098705625,1.242453324894,0.897941593205959,1.09861228866811,1.64791843300216,0.674963358474508,2.29937480909258,0.962645430926289,1.96591281636216,0.88557009101266,0.773318505597535,0.879071429214535,1.03972077083992,0.516516321511064,0,0.842064402517845,1.03972077083992,0.842064402517845,0.815009310067061,1.31144619638095,2.34106561356211,2.83148024006797,0.905981088272787,1.19752516033307,0.74907133062823,0.954771252442219,0.934360255182092,1.09687918467987,1.19752516033307,1.33105655295759
CA_Ma_JH_PJ20_17,0.97734491835368,2.03593585318502,0.860248224603282,1.14005611857099,0.73665286905476,1.14005611857099,1.17853663913906,1.09512795401006,0.909038388772714,0.860248224603282,1.24752951062601,1.76866477799337,2.78797455157316,1.70754608499049,1.18863799279782,0.852374046119213,0.942147861074827,1.40168019045327,0.712612103744054,0.960331683160265,1.32150886541568,0.860248224603282,1.09032572180567,0.99448197835686,0.715373061845362,1.15966647514763,1.05510660017329,1.07551759743342,0.842064402517845,0,0.831963048859085,1.07613943281605,1.01489297561699,0.712612103744054,1.07551759743342,2.44140096129319,1.20904899005795,1.30276731878831,0.860248224603282,1.20904899005794,1.74825378073324,0.99448197835686,0.648840851381643,1.46982140345147
CA_Ma_JH_PJ20_18,1.07800902068844,1.92529086185258,0.770222520473574,1.0583986641118,0.735706794978741,0.713558177820073,0.88557009101266,0.692346539876458,0.514289146336374,1.00383737165508,1.1575038064963,1.00124025027185,1.62750743574204,1.24022614971931,2.484906649788,1.00124025027185,0.985653549569642,0.794598312806933,0.713558177820073,1.17568762858174,1.21086387408323,0.729400525953319,1.05972343814677,1.09861228866811,0.80539876597507,0.543926534758185,0.980829253011726,0.672736183299818,1.03972077083992,0.831963048859085,0,1.05510660017329,1.18356180706581,1.11902328592824,0.947173029001578,2.26176309847379,0.947173029001578,1.13863364250488,0.857233897463204,0.847089570444596,1.67397643357167,0.980829253011726,0.733168534396713,1.2721650351294
CA_Ma_JH_PJ20_19,0.571879810245515,1.26274596495154,0.608933796322376,0.712612103744054,1.05510660017329,0.852374046119213,0.628490302219786,0.923277697083404,0.860248224603282,0.860248224603282,0.331238778751854,1.76866477799337,1.4886915674429,1.95886051327139,1.26274596495154,0.590009781651722,0.890854566687277,1.05337349618505,1.20904899005794,0.769276446397556,1.32150886541568,0.646674124305223,1.45805050193099,0.831963048859085,1.16735818558842,0.871984402695853,0.883256343246636,0.712612103744054,0.842064402517845,1.07613943281605,1.05510660017329,0,0.803583881949781,0.903667340506763,1.20904899005795,1.88178517335776,0.515901809498,0.97734491835368,0.685894837458504,1.28315696221167,2.03593585318502,0.883256343246636,0.571879810245515,0.609620138228362
CA_Ma_JH_PJ20_2,0.796139146075637,0.756117792238869,0.601391518095174,0.867500567704723,1.0583986641118,1.02165124753198,0.954771252442219,1.15904463976501,0.972955074527657,0.672850482077318,0.772449695648265,1.42711635564015,0.954771252442219,1.26063714697944,1.32666265070648,0.446287102628419,0.815009310067061,1.17791480375643,1.27296567581289,1.07831559018548,1.47243692816025,0.877644894723332,1.23428511523415,0.559407497992815,0.692278370610675,0.840590908646471,0.633515470146537,0.776528789498996,0.815009310067061,1.01489297561699,1.18356180706581,0.803583881949781,0,0.916290731874155,1.6094379124341,1.00124025027185,0.7339691750802,1.15904463976501,0.749811523213447,0.776528789498996,1.11902328592824,0.672736183299818,0.753579531656841,1.29257603238953
CA_Ma_JH_PJ20_20,1.09842001794857,1.25255467855276,1.02424836891521,1.20397280432594,0.800569554809703,1.34707364796661,1.64791843300216,1.29257603238953,1.19609862584187,0.672850482077318,1.17791480375643,1.20397280432594,3.95050352599621,2.02277719902633,1.00124025027185,0.579818495252942,1.242453324894,2.15874405676816,0.693147180559945,0.924164910358225,0.979960443062456,0.924164910358225,0.828820007125989,0.847089570444595,0.692278370610675,1.29257603238953,1.11902328592824,1.02165124753198,1.31144619638095,0.712612103744054,1.11902328592824,0.903667340506763,0.916290731874155,0,1.27296567581289,2.09985253893996,0.967584026261706,1.36668400454325,1.19609862584187,1.27296567581289,1.49371673536965,0.895879734614027,0.887110924281364,1.09842001794857
CA_Ma_JH_PJ20_21,1.44672671221679,1.58902691517397,1.32963001846639,1.51412773262978,1.00124025027185,1.34707364796661,1.64791843300216,1.29257603238953,0.972955074527657,0.924164910358225,1.17791480375643,1.6094379124341,1.38555416853467,0.710590810060166,1.6943874308318,1.42711635564015,1.55260825319784,2.15874405676816,1.27296567581289,0.877644894723332,1.16228199985641,1.40373799062011,0.674669327298731,1.40670535838002,1.38542555117062,1.44672671221679,1.25255467855276,2.12026353620009,2.34106561356211,1.07551759743342,0.947173029001578,1.20904899005795,1.6094379124341,1.27296567581289,0,0.847089570444596,1.27296567581289,1.53373808920642,2.17692787885359,2.12026353620009,2.79299971949991,1.81217046648818,1.15904463976501,1.29257603238953
CA_Ma_JH_PJ20_22,2.1194628955166,0.980829253011726,1.38332699335998,1.58902691517397,1.92529086185258,1.81217046648818,1.85065098705625,1.83178082306482,1.46336970103352,1.86883480914168,2.13833305950803,1.6943874308318,0.597888018560879,0.652439484817191,1.92529086185258,1.32666265070648,1.62750743574204,1.62750743574204,1.94570185911271,2.56198198970163,1.36501455391049,2.15651688159347,1.05972343814677,1.79175946922805,2.05816173447044,1.71399778740844,1.30625165344635,3.19846482760807,2.83148024006797,2.44140096129319,2.26176309847379,1.88178517335776,1.00124025027185,2.09985253893996,0.847089570444596,0,1.6943874308318,1.71399778740844,3.25512917026157,1.58902691517397,1.79175946922805,2.26176309847379,2.52492800362477,2.30178445231056
CA_Ma_JH_PJ20_23,0.530435980342631,0.756117792238869,0.502951445281921,0.82098055206983,0.847089570444595,0.616186139423817,0.654666659991881,0.796139146075637,0.672850482077318,0.601391518095174,0.516516321511064,1.83258146374831,1.64791843300216,1.77146277074543,1.18356180706581,0.653926467406664,0.859461072637894,1.31144619638095,0.82098055206983,0.790633517733702,0.92589322179218,0.833193132152498,1.77328161596684,0.756117792238869,0.87459992740463,0.753579531656841,1.25255467855276,0.776528789498996,0.905981088272787,1.20904899005795,0.947173029001578,0.515901809498,0.7339691750802,0.967584026261706,1.27296567581289,1.6943874308318,0,1.04126160410862,0.672850482077318,0.82098055206983,2.28217409573392,0.947173029001578,1.04126160410862,0.712757537136586
CA_Ma_JH_PJ20_24,1.00680473941499,1.34627300728312,0.810243874310343,1.04126160410862,0.775728148815509,0.673536823983305,1.33105655295759,0.583947888594953,1.09792594676212,1.34924037504303,1.19752516033307,1.36668400454325,2.1783544133448,1.90885616297845,1.34627300728312,0.935901088450796,1.48520723278485,0.834619666643701,0.987194382838346,1.09792594676212,1.25088522792,0.897255251299972,2.12936420916469,0.775728148815509,0.945503578368821,0.732367893713227,1.13863364250488,1.53373808920642,1.19752516033307,1.30276731878831,1.13863364250488,0.97734491835368,1.15904463976501,1.36668400454325,1.53373808920642,1.71399778740844,1.04126160410862,0,0.769421879790088,1.09842001794857,0.820179911386343,1.02085060684849,1.87180217690159,1.75401914124521
CA_Ma_JH_PJ20_3,0.377379792014064,1.86883480914168,0.591364486250003,0.790633517733702,0.952544077267529,0.636482837906444,0.788292043781511,0.587100322996133,0.934309237376833,1.08091271156871,0.674963358474508,2.02277719902633,2.21540839942166,1.7227665977411,2.00236620176621,0.833193132152498,0.788292043781511,0.916125415291396,0.636482837906444,1.19213834667893,1.36204718615059,0.498991166118988,1.37796083487728,0.770222520473574,0.748942713264176,0.587100322996133,0.903753913098097,0.567489966419492,0.74907133062823,0.860248224603282,0.857233897463204,0.685894837458504,0.749811523213447,1.19609862584187,2.17692787885359,3.25512917026157,0.672850482077318,0.769421879790088,0,0.567489966419492,1.30921902120626,0.547078969159365,0.656093194483084,1.09792594676212
CA_Ma_JH_PJ20_4,0.753579531656841,1.32666265070648,0.749811523213447,1.13943428318836,1.32666265070648,0.653926467406664,1.06013176810005,0.796139146075637,0.710590810060166,1.40373799062011,1.31144619638095,1.71479842809193,1.31144619638095,1.6661022550876,2.50531764704813,1.13943428318836,0.654666659991881,0.859461072637894,0.776528789498996,1.6661022550876,2.07857273173057,1.07831559018548,1.41660667202811,1.00124025027185,0.574495334954291,0.635796496000458,1.49371673536965,0.579818495252942,0.954771252442219,1.20904899005794,0.847089570444596,1.28315696221167,0.776528789498996,1.27296567581289,2.12026353620009,1.58902691517397,0.82098055206983,1.09842001794857,0.567489966419492,0,0.947173029001578,0.895879734614027,0.935901088450796,1.44672671221679
CA_Ma_JH_PJ20_5,1.42631571495666,1.30625165344635,2.15651688159347,1.11902328592824,1.67397643357167,1.0583986641118,2.13833305950803,0.866699927021236,1.30921902120626,1.55038107802315,1.85065098705625,1.81217046648818,1.73286795139986,1.55038107802315,2.07944154167984,1.25255467855276,1.03972077083992,0.839050075377767,1.32666265070648,1.30921902120626,1.77047966201866,1.38332699335998,2.60016847909392,1.47330573810952,1.14187100259628,1.2721650351294,1.30625165344635,1.11902328592824,0.934360255182092,1.74825378073324,1.67397643357167,2.03593585318502,1.11902328592824,1.49371673536965,2.79299971949991,1.79175946922805,2.28217409573392,0.820179911386343,1.30921902120626,0.947173029001578,0,1.23214368129263,2.81261007607655,2.52492800362477
CA_Ma_JH_PJ20_6,1.13863364250488,1.38629436111989,1.17568762858174,1.40670535838002,0.65232518603969,0.895879734614027,0.711216703867882,0.866699927021236,0.903753913098097,1.05790459292536,0.88557009101266,1.58902691517397,2.13833305950803,1.64569125782747,1.79175946922805,0.672736183299818,0.752038698388137,0.934360255182092,0.524316178181544,1.00383737165508,1.21086387408323,1.24022614971931,0.990730566659816,0.8754687373539,0.854188930144502,1.13863364250488,1.23214368129263,0.756117792238869,1.09687918467987,0.99448197835686,0.980829253011726,0.883256343246636,0.672736183299818,0.895879734614027,1.81217046648818,2.26176309847379,0.947173029001578,1.02085060684849,0.547078969159365,0.895879734614027,1.23214368129263,0,0.966783385578219,1.42631571495666
CA_Ma_JH_PJ20_7,0.655406852577098,2.1194628955166,0.656093194483084,1.09842001794857,1.20317216364245,0.987194382838346,0.834619666643701,0.906721280858004,0.522561801858562,0.897255251299972,0.637909372397647,1.98572321294947,1.89067234089301,2.19653823543023,1.51332709194629,0.935901088450796,0.75123805770465,1.07974212467669,0.887110924281364,1.50339105487029,1.32499320007372,0.522561801858562,1.09974479198354,0.866699927021236,0.798900104176945,0.906721280858004,0.733168534396713,0.635796496000458,1.19752516033307,0.648840851381643,0.733168534396713,0.571879810245515,0.753579531656841,0.887110924281364,1.15904463976501,2.52492800362477,1.04126160410862,1.87180217690159,0.656093194483084,0.935901088450796,2.81261007607655,0.966783385578219,0,0.955511445027436
CA_Ma_JH_PJ20_8,0.955511445027436,0.915490091190668,0.852803488729139,1.04126160410862,1.34627300728312,1.22358316090258,0.879071429214535,1.64865862558738,1.21570898241851,0.852803488729139,0.504377979773124,1.36668400454325,1.66752878957881,1.68571261166424,0.866699927021236,1.04126160410862,1.26206368147064,1.33105655295759,1.98572321294947,1.04385872549185,1.11735383529548,1.15508436060207,1.54157754426257,1.2721650351294,1.49204728473689,1.38629436111989,1.51332709194629,0.935901088450796,1.33105655295759,1.46982140345147,1.2721650351294,0.609620138228362,1.29257603238953,1.09842001794857,1.29257603238953,2.30178445231056,0.712757537136586,1.75401914124521,1.09792594676212,1.44672671221679,2.52492800362477,1.42631571495666,0.955511445027436,0
CA_Ma_JH_PJ20_9,1.55334844578306,1.96531221568935,1.90885616297845,1.98572321294947,1.51332709194629,1.29257603238953,1.66752878957881,1.38629436111989,1.21570898241851,1.59040243185992,2.02420373351754,1.22358316090258,0.925591444849428,0.992565431104297,1.71399778740844,2.32219544957069,1.57221860977448,1.48520723278485,1.62904826901074,1.90885616297845,1.58735746454122,1.68571261166424,1.34090684880042,1.20317216364245,1.81050101585543,1.31218638896617,1.42631571495666,2.32219544957069,2.1783544133448,1.38281002646184,1.2721650351294,2.25827876381574,1.53373808920642,1.98572321294947,0.935901088450796,1.60863727175061,2.5453390008849,1.46633706879343,1.90885616297845,1.98572321294947,1.83178082306482,1.83178082306482,1.31218638896617,1.55334844578306
