,CA_Sol_Jmi_PJ45_1,CA_Sol_Jmi_PJ45_10,CA_Sol_Jmi_PJ45_11,CA_Sol_Jmi_PJ45_12,CA_Sol_Jmi_PJ45_13,CA_Sol_Jmi_PJ45_14,CA_Sol_Jmi_PJ45_15,CA_Sol_Jmi_PJ45_16,CA_Sol_Jmi_PJ45_17,CA_Sol_Jmi_PJ45_18,CA_Sol_Jmi_PJ45_19,CA_Sol_Jmi_PJ45_20,CA_Sol_Jmi_PJ45_21,CA_Sol_Jmi_PJ45_22,CA_Sol_Jmi_PJ45_23,CA_Sol_Jmi_PJ45_24,CA_Sol_Jmi_PJ45_3,CA_Sol_Jmi_PJ45_5,CA_Sol_Jmi_PJ45_6,CA_Sol_Jmi_PJ45_7,CA_Sol_Jmi_PJ45_8,CA_Sol_Jmi_PJ45_9,CA_Sol_Jmi_PJ46_1,CA_Sol_Jmi_PJ46_10,CA_Sol_Jmi_PJ46_11,CA_Sol_Jmi_PJ46_12,CA_Sol_Jmi_PJ46_13,CA_Sol_Jmi_PJ46_14,CA_Sol_Jmi_PJ46_15,CA_Sol_Jmi_PJ46_17,CA_Sol_Jmi_PJ46_18,CA_Sol_Jmi_PJ46_19,CA_Sol_Jmi_PJ46_2,CA_Sol_Jmi_PJ46_20,CA_Sol_Jmi_PJ46_24,CA_Sol_Jmi_PJ46_3,CA_Sol_Jmi_PJ46_4,CA_Sol_Jmi_PJ46_5,CA_Sol_Jmi_PJ46_6,CA_Sol_Jmi_PJ46_7
CA_Sol_Jmi_PJ45_1,0,1.07559937747047,0.779289747600305,1.05672921347904,0.92589322179218,1.25088522792,2.29937480909258,1.7297719662759,0.832909122935104,0.714426987769343,1.54733611070445,1.32499320007372,1.42390607173868,1.94403240847995,1.58735746454122,1.52910127081375,1.90401105464318,0.905482224532052,1.16228199985641,1.38542555117062,1.84755500193229,1.28497184623696,0.574495334954292,0.884202417322654,1.18189235643305,0.784118958765672,0.482625373712019,1.09836531410147,2.21920348405499,1.11970309568626,0.737598943130779,0.93826963859293,1.88273124743378,1.74919985480926,2.07857273173057,1.58735746454122,1.32499320007372,1.6536722364279,0.964373742360244,1.7297719662759
CA_Sol_Jmi_PJ45_10,1.07559937747047,0,0.859461072637894,1.40516452511131,0.954771252442219,1.77288930523663,2.19722457733622,1.44221851118818,1.20076252042447,0.562796698749609,1.36514317127455,0.792060052224905,1.21639532432449,1.02567490340641,1.19752516033307,0.871673652720562,2.13833305950803,1.36514317127455,1.17791480375643,1.00606454682977,1.2991176675475,1.36514317127455,1.31144619638095,0.773318505597535,0.75123805770465,0.913080447972694,0.597888018560879,1.94067669118595,1.96290257247137,3.83893175033911,1.82937117984685,0.474825517041539,1.42390607173868,1.20076252042447,2.56420916487632,1.13690053851663,1.66752878957881,1.51070001015128,1.09861228866811,0.788292043781511
CA_Sol_Jmi_PJ45_11,0.779289747600305,0.859461072637894,0,0.673536823983305,0.7339691750802,1.62904826901074,2.56420916487632,1.26063714697944,1.0371188569024,0.425876105368292,1.0583986641118,0.935901088450796,0.859461072637894,1.62904826901074,0.673536823983305,0.567489966419492,2.28217409573392,1.40670535838002,0.967584026261706,0.544727175441672,1.57079207528328,0.800569554809703,0.579818495252942,0.314984139469207,0.376285300515373,1.0371188569024,0.425876105368292,1.65088174233698,2.48403783983873,1.31554457998304,0.979960443062456,0.469134819296465,1.56774710796457,1.09774347871884,1.27296567581289,1.85219182032495,1.73440878466857,1.28989793278927,1.11729018193999,0.749811523213447
CA_Sol_Jmi_PJ45_12,1.05672921347904,1.40516452511131,0.673536823983305,0,1.04126160410862,1.24319351747922,2.1783544133448,2.04238755560297,1.32499320007372,0.866699927021236,1.07800902068844,0.815749502652278,0.834619666643701,1.11803037452521,1.00680473941499,0.730201166636806,2.81261007607655,0.653125826723177,1.04126160410862,0.796139146075637,1.42334834719675,0.477235160259513,0.564337532018313,0.594105691530932,0.517256514096281,1.49204728473689,0.866699927021236,1.38281002646184,2.28050464510116,1.11201138524547,0.89421028398127,0.845420119811838,0.754448341606111,1.32499320007372,1.09842001794857,2.34180580614733,2.56494935746154,0.96120159509769,0.504377979773124,0.992565431104297
CA_Sol_Jmi_PJ45_13,0.92589322179218,0.954771252442219,0.7339691750802,1.04126160410862,0,1.98572321294947,NA,1.77146277074543,1.09774347871884,0.633515470146537,1.49371673536965,1.29257603238953,1.11729018193999,1.04126160410862,0.935901088450796,0.972955074527657,1.94570185911271,1.11902328592824,0.82098055206983,0.82098055206983,1.32963001846639,1.40670535838002,0.867500567704723,0.87459992740463,0.840590908646471,0.979960443062456,1.00124025027185,1.07551759743342,3.17718502039868,1.85454108071573,0.65145637609042,0.692278370610675,1.92442205190331,1.38542555117062,1.71479842809193,2.13987389277673,1.98572321294947,1.28989793278927,0.772449695648265,1.32963001846639
CA_Sol_Jmi_PJ45_14,1.25088522792,1.77288930523663,1.62904826901074,1.24319351747922,1.98572321294947,0,1.19752516033307,1.34924037504303,0.798900104176945,1.42631571495666,3.21807518418471,1.64865862558738,1.77288930523663,1.75401914124521,2.56494935746154,1.42334834719675,1.51332709194629,1.20317216364245,1.85219182032495,1.98572321294947,NA,1.34627300728312,1.09842001794857,1.49204728473689,1.38629436111989,1.49204728473689,1.71399778740844,1.38281002646184,1.05672921347905,0.729019132989366,1.94403240847995,1.58735746454122,0.945503578368821,2.28050464510116,1.04126160410862,1.17865499634165,1.64865862558738,0.96120159509769,1.07974212467669,2.04238755560297
CA_Sol_Jmi_PJ45_15,2.29937480909258,2.19722457733622,2.56420916487632,2.1783544133448,NA,1.19752516033307,0,1.92772632696988,3.21566554096674,2.13833305950803,NA,1.89067234089301,2.19722457733622,2.1783544133448,3.97011388257285,2.39772995621561,0.985653549569642,2.32065461630198,1.87106198431637,NA,NA,1.98418237968077,1.55260825319784,2.52251836040679,2.1783544133448,3.21566554096674,2.13833305950803,2.50029247912138,0.650716183505203,1.89302160128379,3.21566554096674,2.52251836040679,1.42390607173868,2.52251836040679,1.46559687620821,0.75123805770465,1.77288930523663,2.02152563391728,1.68639895357023,1.92772632696988
CA_Sol_Jmi_PJ45_16,1.7297719662759,1.44221851118818,1.26063714697944,2.04238755560297,1.77146277074543,1.34924037504303,1.92772632696988,0,1.28793921399686,1.24022614971931,2.33883843838742,1.34924037504303,4.00716786864971,2.6020033435384,1.79107312732207,3.3322045101752,2.33883843838742,1.38332699335998,2.58239298696176,2.87007505941354,1.94591014905531,3.25512917026157,1.88924580640181,1.7297719662759,2.04238755560297,1.36204718615059,1.46336970103352,1.50687538952833,2.31755863117802,1.65989099508832,1.84755500193229,1.7297719662759,1.84755500193229,2.31755863117802,NA,1.68571261166424,1.09792594676212,2.44517456411088,1.60927259585134,2.63905732961526
CA_Sol_Jmi_PJ45_17,0.832909122935104,1.20076252042447,1.0371188569024,1.32499320007372,1.09774347871884,0.798900104176945,3.21566554096674,1.28793921399686,0,1.21086387408323,1.36501455391049,1.18189235643305,1.07559937747047,1.40503590774726,0.798900104176945,1.36204718615059,2.05816173447044,1.01670785964228,0.825809763235198,1.16228199985641,1.09378319955591,0.905482224532052,1.23127487134336,1.12059119538689,1.11735383529548,0.570544858467613,1.45202593090012,0.973202171147462,2.4423470353692,1.27385377551352,0.93826963859293,1.05605267424931,1.34373474670109,1.34373474670109,1.47243692816025,1.58735746454122,1.94403240847995,0.737381504553749,1.42390607173868,1.21894634250991
CA_Sol_Jmi_PJ45_18,0.714426987769343,0.562796698749609,0.425876105368292,0.866699927021236,0.633515470146537,1.42631571495666,2.13833305950803,1.24022614971931,1.21086387408323,0,2.07944154167984,0.915490091190668,1.29103519912082,1.20317216364245,1.02085060684849,0.616071840646316,1.79175946922805,0.980829253011726,0.947173029001578,0.800569554809702,1.1150630067653,0.980829253011726,0.595775142163689,0.482625373712019,0.653125826723177,0.80539876597507,0.260283098263666,1.52511022941903,2.05816173447044,2.17060232007681,1.07733248145871,0.448723822036337,1.77047966201866,1.36501455391049,1.58902691517397,1.71399778740844,1.83178082306482,1.55716900798092,0.711216703867882,0.952544077267529
CA_Sol_Jmi_PJ45_19,1.54733611070445,1.36514317127455,1.0583986641118,1.07800902068844,1.49371673536965,3.21807518418471,NA,2.33883843838742,1.36501455391049,2.07944154167984,0,1.42631571495666,0.88557009101266,1.42631571495666,1.13863364250488,0.952544077267529,1.38629436111989,1.67397643357167,1.40670535838002,0.947173029001578,1.17568762858174,1.09861228866811,1.49371673536965,1.01670785964228,0.775728148815509,1.77047966201866,1.56861591791385,1.18863799279782,2.75130891503038,1.58281565517469,0.714426987769343,1.01670785964228,0.80539876597507,1.14187100259628,2.28217409573392,3.21807518418471,2.81261007607655,0.921180241260922,1.36514317127455,0.690179812800038
CA_Sol_Jmi_PJ45_20,1.32499320007372,0.792060052224905,0.935901088450796,0.815749502652278,1.29257603238953,1.64865862558738,1.89067234089301,1.34924037504303,1.18189235643305,0.915490091190668,1.42631571495666,0,1.48520723278485,0.773189888233482,0.773189888233482,1.34924037504303,2.52492800362477,0.820179911386343,0.840590908646471,1.36668400454325,1.59040243185992,0.866699927021236,1.22358316090258,1.11735383529548,0.860201265223111,1.11735383529548,1.07800902068844,1.92180652719453,1.58735746454122,2.72144929767957,1.32499320007372,0.89421028398127,1.32499320007372,2.09818308830721,1.29257603238953,1.46633706879343,1.64865862558738,1.15535760953865,0.674277016568522,1.21570898241851
CA_Sol_Jmi_PJ45_21,1.42390607173868,1.21639532432449,0.859461072637894,0.834619666643701,1.11729018193999,1.77288930523663,2.19722457733622,4.00716786864971,1.07559937747047,1.29103519912082,0.88557009101266,1.48520723278485,0,1.26206368147064,0.792060052224905,0.510660307183232,2.13833305950803,1.53219725593771,0.954771252442219,0.583207696009736,1.52226121886171,0.711216703867882,0.859461072637894,0.612975855522356,0.674277016568522,1.26975539191143,1.1575038064963,2.78797455157316,1.71158814419047,1.53634665734506,0.913080447972694,0.864290283803262,0.817770268168369,1.1362239992869,1.46559687620821,2.87150159390474,NA,1.04069638090555,1.50407739677627,0.788292043781511
CA_Sol_Jmi_PJ45_22,1.94403240847995,1.02567490340641,1.62904826901074,1.11803037452521,1.04126160410862,1.75401914124521,2.1783544133448,2.6020033435384,1.40503590774726,1.20317216364245,1.42631571495666,0.773189888233482,1.26206368147064,0,0.955511445027436,1.28024750355608,3.91122236474466,0.915490091190668,0.987194382838346,1.62904826901074,1.09792594676212,0.966783385578219,1.53373808920642,1.32499320007372,1.46633706879343,1.40503590774726,1.60863727175061,1.30276731878831,2.28050464510116,1.74062004466785,1.25088522792,0.945503578368821,0.89421028398127,1.49204728473689,1.09842001794857,2.15948424935337,NA,0.798682665599915,0.879071429214535,1.15508436060207
CA_Sol_Jmi_PJ45_23,1.58735746454122,1.19752516033307,0.673536823983305,1.00680473941499,0.935901088450796,2.56494935746154,3.97011388257285,1.79107312732207,0.798900104176945,1.02085060684849,1.13863364250488,0.773189888233482,0.792060052224905,0.955511445027436,0,0.769421879790088,3.91122236474466,0.866699927021236,0.564337532018313,0.599428851829583,0.656093194483084,0.653125826723177,1.04126160410862,0.798900104176945,0.860201265223111,0.754448341606111,1.07800902068844,1.15966647514763,3.88994255753526,1.87415143729237,1.25088522792,0.945503578368821,1.58735746454122,1.11735383529548,0.987194382838346,2.56494935746154,2.85263142991332,1.0863647380517,1.33105655295759,0.730201166636806
CA_Sol_Jmi_PJ45_24,1.52910127081375,0.871673652720562,0.567489966419492,0.730201166636806,0.972955074527657,1.42334834719675,2.39772995621561,3.3322045101752,1.36204718615059,0.616071840646316,0.952544077267529,1.34924037504303,0.510660307183232,1.28024750355608,0.769421879790088,0,2.00236620176621,1.00383737165508,0.710590810060166,0.231017729798279,1.13497993283898,0.952544077267529,0.877644894723332,0.430488982145642,0.324736058528642,0.982557564445682,0.729400525953319,1.70754608499049,2.54070218249223,1.37220892263654,1.09378319955591,0.708120718743921,0.931264270058131,0.708120718743921,0.790633517733702,1.68571261166424,3.29515052409834,0.887029946064327,1.11679611075355,0.387765531008763
CA_Sol_Jmi_PJ45_3,1.90401105464318,2.13833305950803,2.28217409573392,2.81261007607655,1.94570185911271,1.51332709194629,0.985653549569642,2.33883843838742,2.05816173447044,1.79175946922805,1.38629436111989,2.52492800362477,2.13833305950803,3.91122236474466,3.91122236474466,2.00236620176621,0,3.87120101090789,3.89161200816802,2.50531764704813,3.94827635082152,3.17805383034795,2.09985253893996,1.77047966201866,1.71399778740844,2.05816173447044,1.92529086185258,2.03593585318502,0.671867373350547,1.70059869083108,1.07733248145871,1.65269662636227,1.45202593090012,3.15677402313855,3.89161200816802,1.13863364250488,1.2721650351294,1.55716900798092,1.85065098705625,3.94827635082152
CA_Sol_Jmi_PJ45_5,0.905482224532052,1.36514317127455,1.40670535838002,0.653125826723177,1.11902328592824,1.20317216364245,2.32065461630198,1.38332699335998,1.01670785964228,0.980829253011726,1.67397643357167,0.820179911386343,1.53219725593771,0.915490091190668,0.866699927021236,1.00383737165508,3.87120101090789,0,0.847089570444595,1.00124025027185,1.30921902120626,1.16315080980568,1.00124025027185,0.905482224532052,1.13863364250488,0.905482224532052,1.30625165344635,0.937323564516911,2.4636268425786,1.14098290289566,1.07733248145871,1.21086387408323,1.54733611070445,1.28497184623696,0.895879734614027,2.81261007607655,3.21807518418471,1.26948693552914,0.88557009101266,1.24022614971931
CA_Sol_Jmi_PJ45_6,1.16228199985641,1.17791480375643,0.967584026261706,1.04126160410862,0.82098055206983,1.85219182032495,1.87106198431637,2.58239298696176,0.825809763235198,0.947173029001578,1.40670535838002,0.840590908646471,0.954771252442219,0.987194382838346,0.564337532018313,0.710590810060166,3.89161200816802,0.847089570444595,0,0.82098055206983,1.26063714697944,0.756117792238869,0.82098055206983,0.979960443062456,0.840590908646471,0.87459992740463,1.00124025027185,1.65088174233698,2.26089428852452,2.70183894110293,1.0371188569024,1.23127487134336,1.0371188569024,0.825809763235198,0.82098055206983,1.15904463976501,2.32219544957069,0.59675075222932,0.905981088272787,0.567489966419492
CA_Sol_Jmi_PJ45_7,1.38542555117062,1.00606454682977,0.544727175441672,0.796139146075637,0.82098055206983,1.98572321294947,NA,2.87007505941354,1.16228199985641,0.800569554809702,0.947173029001578,1.36668400454325,0.583207696009736,1.62904826901074,0.599428851829583,0.231017729798279,2.50531764704813,1.00124025027185,0.82098055206983,0,0.972955074527657,0.800569554809702,0.916290731874155,0.232746041232235,0.376285300515373,0.92589322179218,1.00124025027185,1.3631996698852,3.87033220095862,1.31554457998304,1.23127487134336,0.574495334954291,1.38542555117062,0.825809763235198,0.967584026261706,2.13987389277673,2.13987389277673,1.06675438147506,1.46559687620821,0.601391518095174
CA_Sol_Jmi_PJ45_8,1.84755500193229,1.2991176675475,1.57079207528328,1.42334834719675,1.32963001846639,NA,NA,1.94591014905531,1.09378319955591,1.1150630067653,1.17568762858174,1.59040243185992,1.52226121886171,1.09792594676212,0.656093194483084,1.13497993283898,3.94827635082152,1.30921902120626,1.26063714697944,0.972955074527657,0,1.1150630067653,1.88924580640181,1.28793921399686,1.09792594676212,0.882474105888699,1.17568762858174,0.726716831978759,NA,2.47082121130465,1.62441145061808,1.28793921399686,1.84755500193229,0.748942713264176,1.40373799062011,2.04238755560297,2.19653823543023,0.998255581174551,1.70458277565567,0.767255152713667
CA_Sol_Jmi_PJ45_9,1.28497184623696,1.36514317127455,0.800569554809703,0.477235160259513,1.40670535838002,1.34627300728312,1.98418237968077,3.25512917026157,0.905482224532052,0.980829253011726,1.09861228866811,0.866699927021236,0.711216703867882,0.966783385578219,0.653125826723177,0.952544077267529,3.17805383034795,1.16315080980568,0.756117792238869,0.800569554809702,1.1150630067653,0,0.847089570444595,0.671867373350547,0.692346539876458,1.28497184623696,1.03798766685167,1.74825378073324,1.65269662636227,1.58281565517469,1.07733248145871,0.959549445802328,0.905482224532052,1.36501455391049,0.847089570444595,2.30178445231056,1.83178082306482,0.809954606150698,0.794598312806933,0.770222520473574
CA_Sol_Jmi_PJ46_1,0.574495334954292,1.31144619638095,0.579818495252942,0.564337532018313,0.867500567704723,1.09842001794857,1.55260825319784,1.88924580640181,1.23127487134336,0.595775142163689,1.49371673536965,1.22358316090258,0.859461072637894,1.53373808920642,1.04126160410862,0.877644894723332,2.09985253893996,1.00124025027185,0.82098055206983,0.916290731874155,1.88924580640181,0.847089570444595,0,0.612235662937138,0.753579531656841,0.979960443062456,0.559407497992815,1.45021104687483,1.79089065927878,0.967237885714825,0.825809763235198,0.779289747600305,1.0371188569024,1.47243692816025,1.13943428318836,1.85219182032495,1.98572321294947,1.3769093097789,0.73162770112801,1.07831559018548
CA_Sol_Jmi_PJ46_10,0.884202417322654,0.773318505597535,0.314984139469207,0.594105691530932,0.87459992740463,1.49204728473689,2.52251836040679,1.7297719662759,1.12059119538689,0.482625373712019,1.01670785964228,1.11735383529548,0.612975855522356,1.32499320007372,0.798900104176945,0.430488982145642,1.77047966201866,0.905482224532052,0.979960443062456,0.232746041232235,1.28793921399686,0.671867373350547,0.612235662937138,0,0.334594496045847,0.93826963859293,0.631045378830292,1.86050536614836,2.21920348405499,1.36086515250315,0.995428052432879,0.302280871872934,1.12059119538689,0.995428052432879,1.23127487134336,2.09818308830721,1.94403240847995,1.24820712831974,1.01844096363052,0.791502327682972
CA_Sol_Jmi_PJ46_11,1.18189235643305,0.75123805770465,0.376285300515373,0.517256514096281,0.840590908646471,1.38629436111989,2.1783544133448,2.04238755560297,1.11735383529548,0.653125826723177,0.775728148815509,0.860201265223111,0.674277016568522,1.46633706879343,0.860201265223111,0.324736058528642,1.71399778740844,1.13863364250488,0.840590908646471,0.376285300515373,1.09792594676212,0.692346539876458,0.753579531656841,0.334594496045847,0,1.25088522792,0.733168534396713,1.46982140345147,1.81050101585543,1.42216631354931,1.11735383529548,0.455955353050115,0.89421028398127,0.754448341606111,1.15904463976501,1.46633706879343,2.00533356952611,0.849975959987466,0.879071429214535,0.491790143191808
CA_Sol_Jmi_PJ46_12,0.784118958765672,0.913080447972694,1.0371188569024,1.49204728473689,0.979960443062456,1.49204728473689,3.21566554096674,1.36204718615059,0.570544858467613,0.80539876597507,1.77047966201866,1.11735383529548,1.26975539191143,1.40503590774726,0.754448341606111,0.982557564445682,2.05816173447044,0.905482224532052,0.87459992740463,0.92589322179218,0.882474105888699,1.28497184623696,0.979960443062456,0.93826963859293,1.25088522792,0,0.714426987769343,1.16735818558842,2.73002910782099,1.36086515250315,0.784118958765672,0.832909122935104,2.21920348405499,1.05605267424931,1.56774710796457,1.58735746454122,1.81050101585543,1.53588920077152,1.34386336406515,1.09378319955591
CA_Sol_Jmi_PJ46_13,0.482625373712019,0.597888018560879,0.425876105368292,0.866699927021236,1.00124025027185,1.71399778740844,2.13833305950803,1.46336970103352,1.45202593090012,0.260283098263666,1.56861591791385,1.07800902068844,1.1575038064963,1.60863727175061,1.07800902068844,0.729400525953319,1.92529086185258,1.30625165344635,1.00124025027185,1.00124025027185,1.17568762858174,1.03798766685167,0.559407497992815,0.631045378830292,0.733168534396713,0.714426987769343,0,1.88178517335776,2.05816173447044,1.98828076328286,0.905482224532052,0.758878750340177,1.28497184623696,0.959549445802328,2.28217409573392,1.42631571495666,1.34627300728312,1.26948693552914,1.03972077083992,0.81278213489237
CA_Sol_Jmi_PJ46_14,1.09836531410147,1.94067669118595,1.65088174233698,1.38281002646184,1.07551759743342,1.38281002646184,2.50029247912138,1.50687538952833,0.973202171147462,1.52511022941903,1.18863799279782,1.92180652719453,2.78797455157316,1.30276731878831,1.15966647514763,1.70754608499049,2.03593585318502,0.937323564516911,1.65088174233698,1.3631996698852,0.726716831978759,1.74825378073324,1.45021104687483,1.86050536614836,1.46982140345147,1.16735818558842,1.88178517335776,0,2.70780322653557,1.02848434291389,1.40852024240531,1.40852024240531,1.24146615774214,1.40852024240531,1.14005611857099,1.78827513457001,2.07595720702179,1.14593853936079,1.32163748277973,1.50687538952833
CA_Sol_Jmi_PJ46_15,2.21920348405499,1.96290257247137,2.48403783983873,2.28050464510116,3.17718502039868,1.05672921347905,0.650716183505203,2.31755863117802,2.4423470353692,2.05816173447044,2.75130891503038,1.58735746454122,1.71158814419047,2.28050464510116,3.88994255753526,2.54070218249223,0.671867373350547,2.4636268425786,2.26089428852452,3.87033220095862,NA,1.65269662636227,1.79089065927878,2.21920348405499,1.81050101585543,2.73002910782099,2.05816173447044,2.70780322653557,0,1.96700095607346,2.03688192726104,2.21920348405499,1.74919985480926,2.4423470353692,1.30538284349708,1.18189235643305,1.18189235643305,1.43052868511369,1.60622762853264,2.31755863117802
CA_Sol_Jmi_PJ46_17,1.11970309568626,3.83893175033911,1.31554457998304,1.11201138524547,1.85454108071573,0.729019132989366,1.89302160128379,1.65989099508832,1.27385377551352,2.17060232007681,1.58281565517469,2.72144929767957,1.53634665734506,1.74062004466785,1.87415143729237,1.37220892263654,1.70059869083108,1.14098290289566,2.70183894110293,1.31554457998304,2.47082121130465,1.58281565517469,0.967237885714825,1.36086515250315,1.42216631354931,1.36086515250315,1.98828076328286,1.02848434291389,1.96700095607346,0,1.11970309568626,1.67931888362168,1.05071022419931,1.8128502762462,1.02786250753126,2.02830211711963,1.87415143729237,1.0241754773049,1.44103647754073,1.91120542336923
CA_Sol_Jmi_PJ46_18,0.737598943130779,1.82937117984685,0.979960443062456,0.89421028398127,0.65145637609042,1.94403240847995,3.21566554096674,1.84755500193229,0.93826963859293,1.07733248145871,0.714426987769343,1.32499320007372,0.913080447972694,1.25088522792,1.25088522792,1.09378319955591,1.07733248145871,1.07733248145871,1.0371188569024,1.23127487134336,1.62441145061808,1.07733248145871,0.825809763235198,0.995428052432879,1.11735383529548,0.784118958765672,0.905482224532052,1.40852024240531,2.03688192726104,1.11970309568626,0,1.26369203902756,0.995428052432879,1.26369203902756,2.07857273173057,3.19679537697532,1.40503590774726,0.899900434051524,0.964373742360244,1.21894634250991
CA_Sol_Jmi_PJ46_19,0.93826963859293,0.474825517041539,0.469134819296465,0.845420119811838,0.692278370610675,1.58735746454122,2.52251836040679,1.7297719662759,1.05605267424931,0.448723822036337,1.01670785964228,0.89421028398127,0.864290283803262,0.945503578368821,0.945503578368821,0.708120718743921,1.65269662636227,1.21086387408323,1.23127487134336,0.574495334954291,1.28793921399686,0.959549445802328,0.779289747600305,0.302280871872934,0.455955353050115,0.832909122935104,0.758878750340177,1.40852024240531,2.21920348405499,1.67931888362168,1.26369203902756,0,1.34373474670109,1.63141681915288,1.6731076236224,1.69271798019904,1.94403240847995,1.43052868511369,1.07559937747047,1.03662478571596
CA_Sol_Jmi_PJ46_2,1.88273124743378,1.42390607173868,1.56774710796457,0.754448341606111,1.92442205190331,0.945503578368821,1.42390607173868,1.84755500193229,1.34373474670109,1.77047966201866,0.80539876597507,1.32499320007372,0.817770268168369,0.89421028398127,1.58735746454122,0.931264270058131,1.45202593090012,1.54733611070445,1.0371188569024,1.38542555117062,1.84755500193229,0.905482224532052,1.0371188569024,1.12059119538689,0.89421028398127,2.21920348405499,1.28497184623696,1.24146615774214,1.74919985480926,1.05071022419931,0.995428052432879,1.34373474670109,0,1.18958406687384,1.79089065927878,1.32499320007372,2.09818308830721,0.555059947759795,0.817770268168369,0.931264270058131
CA_Sol_Jmi_PJ46_20,1.74919985480926,1.20076252042447,1.09774347871884,1.32499320007372,1.38542555117062,2.28050464510116,2.52251836040679,2.31755863117802,1.34373474670109,1.36501455391049,1.14187100259628,2.09818308830721,1.1362239992869,1.49204728473689,1.11735383529548,0.708120718743921,3.15677402313855,1.28497184623696,0.825809763235198,0.825809763235198,0.748942713264176,1.36501455391049,1.47243692816025,0.995428052432879,0.754448341606111,1.05605267424931,0.959549445802328,1.40852024240531,2.4423470353692,1.8128502762462,1.26369203902756,1.63141681915288,1.18958406687384,0,1.16228199985641,1.49204728473689,2.50364819641537,0.842742020211576,2.11705325229863,0.493009339126976
CA_Sol_Jmi_PJ46_24,2.07857273173057,2.56420916487632,1.27296567581289,1.09842001794857,1.71479842809193,1.04126160410862,1.46559687620821,NA,1.47243692816025,1.58902691517397,2.28217409573392,1.29257603238953,1.46559687620821,1.09842001794857,0.987194382838346,0.790633517733702,3.89161200816802,0.895879734614027,0.82098055206983,0.967584026261706,1.40373799062011,0.847089570444595,1.13943428318836,1.23127487134336,1.15904463976501,1.56774710796457,2.28217409573392,1.14005611857099,1.30538284349708,1.02786250753126,2.07857273173057,1.6731076236224,1.79089065927878,1.16228199985641,0,1.85219182032495,3.23848618144484,1.28989793278927,1.242453324894,1.02424836891521
CA_Sol_Jmi_PJ46_3,1.58735746454122,1.13690053851663,1.85219182032495,2.34180580614733,2.13987389277673,1.17865499634165,0.75123805770465,1.68571261166424,1.58735746454122,1.71399778740844,3.21807518418471,1.46633706879343,2.87150159390474,2.15948424935337,2.56494935746154,1.68571261166424,1.13863364250488,2.81261007607655,1.15904463976501,2.13987389277673,2.04238755560297,2.30178445231056,1.85219182032495,2.09818308830721,1.46633706879343,1.58735746454122,1.42631571495666,1.78827513457001,1.18189235643305,2.02830211711963,3.19679537697532,1.69271798019904,1.32499320007372,1.49204728473689,1.85219182032495,0,1.06087196068526,1.0863647380517,1.66752878957881,1.50339105487029
CA_Sol_Jmi_PJ46_4,1.32499320007372,1.66752878957881,1.73440878466857,2.56494935746154,1.98572321294947,1.64865862558738,1.77288930523663,1.09792594676212,1.94403240847995,1.83178082306482,2.81261007607655,1.64865862558738,NA,NA,2.85263142991332,3.29515052409834,1.2721650351294,3.21807518418471,2.32219544957069,2.13987389277673,2.19653823543023,1.83178082306482,1.98572321294947,1.94403240847995,2.00533356952611,1.81050101585543,1.34627300728312,2.07595720702179,1.18189235643305,1.87415143729237,1.40503590774726,1.94403240847995,2.09818308830721,2.50364819641537,3.23848618144484,1.06087196068526,0,1.39651966635554,1.66752878957881,3.29515052409834
CA_Sol_Jmi_PJ46_5,1.6536722364279,1.51070001015128,1.28989793278927,0.96120159509769,1.28989793278927,0.96120159509769,2.02152563391728,2.44517456411088,0.737381504553749,1.55716900798092,0.921180241260922,1.15535760953865,1.04069638090555,0.798682665599915,1.0863647380517,0.887029946064327,1.55716900798092,1.26948693552914,0.59675075222932,1.06675438147506,0.998255581174551,0.809954606150698,1.3769093097789,1.24820712831974,0.849975959987466,1.53588920077152,1.26948693552914,1.14593853936079,1.43052868511369,1.0241754773049,0.899900434051524,1.43052868511369,0.555059947759795,0.842742020211576,1.28989793278927,1.0863647380517,1.39651966635554,0,1.10523490204312,0.740426471872451
CA_Sol_Jmi_PJ46_6,0.964373742360244,1.09861228866811,1.11729018193999,0.504377979773124,0.772449695648265,1.07974212467669,1.68639895357023,1.60927259585134,1.42390607173868,0.711216703867882,1.36514317127455,0.674277016568522,1.50407739677627,0.879071429214535,1.33105655295759,1.11679611075355,1.85065098705625,0.88557009101266,0.905981088272787,1.46559687620821,1.70458277565567,0.794598312806933,0.73162770112801,1.01844096363052,0.879071429214535,1.34386336406515,1.03972077083992,1.32163748277973,1.60622762853264,1.44103647754073,0.964373742360244,1.07559937747047,0.817770268168369,2.11705325229863,1.242453324894,1.66752878957881,1.66752878957881,1.10523490204312,0,1.2991176675475
CA_Sol_Jmi_PJ46_7,1.7297719662759,0.788292043781511,0.749811523213447,0.992565431104297,1.32963001846639,2.04238755560297,1.92772632696988,2.63905732961526,1.21894634250991,0.952544077267529,0.690179812800038,1.21570898241851,0.788292043781511,1.15508436060207,0.730201166636806,0.387765531008763,3.94827635082152,1.24022614971931,0.567489966419492,0.601391518095174,0.767255152713667,0.770222520473574,1.07831559018548,0.791502327682972,0.491790143191808,1.09378319955591,0.81278213489237,1.50687538952833,2.31755863117802,1.91120542336923,1.21894634250991,1.03662478571596,0.931264270058131,0.493009339126976,1.02424836891521,1.50339105487029,3.29515052409834,0.740426471872451,1.2991176675475,0
CA_Sol_Jmi_PJ46_9,1.32499320007372,1.26206368147064,0.530435980342632,0.655406852577098,0.840590908646471,2.15948424935337,NA,2.37885979222419,1.25088522792,0.966783385578219,0.653125826723177,1.00680473941499,0.925591444849428,1.38629436111989,0.773189888233482,0.587100322996133,2.81261007607655,1.20317216364245,1.15904463976501,0.46589745920506,0.897255251299972,0.915490091190668,0.840590908646471,0.754448341606111,0.395895657092014,0.945503578368821,1.02085060684849,1.09512795401006,3.88994255753526,1.25511222888614,1.11735383529548,0.594105691530932,1.58735746454122,0.945503578368821,1.36668400454325,2.56494935746154,2.85263142991332,1.0863647380517,1.19752516033307,0.522561801858562
