,CA_Yo_JC_PJ59_7,CA_Yo_JC_PJ59_8,CA_Yo_JC_PJ60_11,CA_Yo_JC_PJ60_6,CA_Yo_JC_PJ60_7,CA_Yo_JC_PJ60_8
CA_Yo_JC_PJ59_7,0,1.62441145061808,0.877644894723332,0.852803488729139,0.931264270058131,1.62441145061808
CA_Yo_JC_PJ59_8,1.62441145061808,0,1.16228199985641,1.11735383529548,1.26369203902756,1.26369203902756
CA_Yo_JC_PJ60_11,0.877644894723332,1.16228199985641,0,0.405272837388625,0.65145637609042,0.734837985029471
CA_Yo_JC_PJ60_6,0.852803488729139,1.11735383529548,0.405272837388625,0,0.488745175873106,1.05672921347905
CA_Yo_JC_PJ60_7,0.931264270058131,1.26369203902756,0.65145637609042,0.488745175873106,0,0.784118958765672
CA_Yo_JC_PJ60_8,1.62441145061808,1.26369203902756,0.734837985029471,1.05672921347905,0.784118958765672,0
