,CA_GM14_1,CA_GM14_2,CA_GM14_3,CA_GM14_4,CA_GM14_5,CA_GM14_6
CA_GM14_1,0,0.693147181,1.386294361,0.826678573,0.980829253,0.980829253
CA_GM14_2,0.693147181,0,0.826678573,0.374693449,0.980829253,0.826678573
CA_GM14_3,1.386294361,0.826678573,0,0.287682072,0.980829253,0.980829253
CA_GM14_4,0.826678573,0.374693449,0.287682072,0,0.693147181,0.693147181
CA_GM14_5,0.980829253,0.980829253,0.980829253,0.693147181,0,0.207639365
CA_GM14_6,0.980829253,0.826678573,0.980829253,0.693147181,0.207639365,0
