,CA_Sol_JC_PJ75_10,CA_Sol_JC_PJ75_12,CA_Sol_JC_PJ75_2,CA_Sol_JC_PJ75_3,CA_Sol_JC_PJ75_4,CA_Sol_JC_PJ75_5,CA_Sol_JC_PJ75_6,CA_Sol_JC_PJ75_7,CA_Sol_JC_PJ76_1,CA_Sol_JC_PJ76_10,CA_Sol_JC_PJ76_11,CA_Sol_JC_PJ76_2,CA_Sol_JC_PJ76_3,CA_Sol_JC_PJ76_5
CA_Sol_JC_PJ75_10,0,1.13434177065918,2.11705325229863,2.36067597013875,2.62087350752982,1.80994329131349,1.77288930523663,0.944461608840852,1.34386336406515,3.29583686600433,2.0612577195944,1.85065098705625,2.15874405676816,1.50407739677627
CA_Sol_JC_PJ75_12,1.13434177065918,0,1.3054848739025,1.8086187872277,1.55799070085278,1.270308628401,1.06140438539748,0.933671075197031,2.55824784239787,1.7221284355613,1.55799070085278,1.48091536093915,1.90679146630745,1.02898125500136
CA_Sol_JC_PJ75_2,2.11705325229863,1.3054848739025,0,1.69271798019904,1.84755500193229,0.708120718743921,1.58735746454122,1.42390607173868,1.43074612369072,1.60622762853264,1.03662478571596,0.854188930144502,1.16228199985641,1.1362239992869
CA_Sol_JC_PJ75_3,2.36067597013875,1.8086187872277,1.69271798019904,0,1.09792594676212,1.15508436060207,NA,NA,2.28050464510116,1.89067234089301,1.90885616297845,1.51332709194629,0.796139146075637,1.66752878957881
CA_Sol_JC_PJ75_4,2.62087350752982,1.55799070085278,1.84755500193229,1.09792594676212,0,1.54044504094715,2.19653823543023,2.21540839942166,NA,2.62087350752982,2.23359222150709,1.64569125782747,1.13547400402543,2.62087350752982
CA_Sol_JC_PJ75_5,1.80994329131349,1.270308628401,0.708120718743921,1.15508436060207,1.54044504094715,0,3.29515052409834,2.62087350752982,1.52910127081375,1.92772632696988,1.25276296849537,1.05790459292536,1.07831559018548,1.23457914640993
CA_Sol_JC_PJ75_6,1.77288930523663,1.06140438539748,1.58735746454122,NA,2.19653823543023,3.29515052409834,0,0.792060052224905,1.58735746454122,2.87150159390474,1.50339105487029,1.83178082306482,3.93163336200479,2.36067597013875
CA_Sol_JC_PJ75_7,0.944461608840852,0.933671075197031,1.42390607173868,NA,2.21540839942166,2.62087350752982,0.792060052224905,0,1.51091744872831,1.5910887737659,1.23457914640993,3.23694534817614,3.25735634543627,1.90954250488444
CA_Sol_JC_PJ76_1,1.34386336406515,2.55824784239787,1.43074612369072,2.28050464510116,NA,1.52910127081375,1.58735746454122,1.51091744872831,0,1.60622762853264,2.31755863117802,1.36501455391049,1.6731076236224,1.60622762853264
CA_Sol_JC_PJ76_10,3.29583686600433,1.7221284355613,1.60622762853264,1.89067234089301,2.62087350752982,1.92772632696988,2.87150159390474,1.5910887737659,1.60622762853264,0,0.962645430926289,1.53219725593771,1.87106198431637,1.50407739677627
CA_Sol_JC_PJ76_11,2.0612577195944,1.55799070085278,1.03662478571596,1.90885616297845,2.23359222150709,1.25276296849537,1.50339105487029,1.23457914640993,2.31755863117802,0.962645430926289,0,1.46336970103352,2.17692787885359,1.23457914640993
CA_Sol_JC_PJ76_2,1.85065098705625,1.48091536093915,0.854188930144502,1.51332709194629,1.64569125782747,1.05790459292536,1.83178082306482,3.23694534817614,1.36501455391049,1.53219725593771,1.46336970103352,0,1.40670535838002,0.634255662731754
CA_Sol_JC_PJ76_3,2.15874405676816,1.90679146630745,1.16228199985641,0.796139146075637,1.13547400402543,1.07831559018548,3.93163336200479,3.25735634543627,1.6731076236224,1.87106198431637,2.17692787885359,1.40670535838002,0,1.55260825319784
CA_Sol_JC_PJ76_5,1.50407739677627,1.02898125500136,1.1362239992869,1.66752878957881,2.62087350752982,1.23457914640993,2.36067597013875,1.90954250488444,1.60622762853264,1.50407739677627,1.23457914640993,0.634255662731754,1.55260825319784,0
