,CA_GM15_1,CA_GM15_2,CA_GM15_3,CA_GM15_6,CA_GM15_7,CA_GM15_8
CA_GM15_1,0,1.386294361,1.673976434,2.772588722,2.772588722,2.772588722
CA_GM15_2,1.386294361,0,1.386294361,1.673976434,2.079441542,1.386294361
CA_GM15_3,1.673976434,1.386294361,0,1.673976434,1.386294361,1.16315081
CA_GM15_6,2.772588722,1.673976434,1.673976434,0,1.16315081,0.693147181
CA_GM15_7,2.772588722,2.079441542,1.386294361,1.16315081,0,0.826678573
CA_GM15_8,2.772588722,1.386294361,1.16315081,0.693147181,0.826678573,0
