,CA_Sol_JC_PJ81_1,CA_Sol_JC_PJ81_11,CA_Sol_JC_PJ81_12,CA_Sol_JC_PJ81_2,CA_Sol_JC_PJ81_3,CA_Sol_JC_PJ82_11,CA_Sol_JC_PJ82_4,CA_Sol_JC_PJ82_5,CA_Sol_JC_PJ82_7
CA_Sol_JC_PJ81_1,0,0.714426987769343,0.461345566502621,0.999570799639096,1.42390607173868,2.4636268425786,1.69271798019904,2.50364819641537,2.28050464510116
CA_Sol_JC_PJ81_11,0.714426987769343,0,0.758878750340177,0.915490091190668,1.53219725593771,1.47330573810952,1.20317216364245,1.2721650351294,2.1194628955166
CA_Sol_JC_PJ81_12,0.461345566502621,0.758878750340177,0,1.11735383529548,1.60622762853264,2.24048329126439,1.94403240847995,2.09818308830721,1.58735746454122
CA_Sol_JC_PJ81_2,0.999570799639096,0.915490091190668,1.11735383529548,0,1.48520723278485,2.1194628955166,1.31218638896617,3.25809653802148,1.87180217690159
CA_Sol_JC_PJ81_3,1.42390607173868,1.53219725593771,1.60622762853264,1.48520723278485,0,1.73286795139986,1.33105655295759,2.1783544133448,NA
CA_Sol_JC_PJ82_11,2.4636268425786,1.47330573810952,2.24048329126439,2.1194628955166,1.73286795139986,0,0.775728148815509,0.866699927021236,1.13863364250488
CA_Sol_JC_PJ82_4,1.69271798019904,1.20317216364245,1.94403240847995,1.31218638896617,1.33105655295759,0.775728148815509,0,1.00680473941499,0.860201265223111
CA_Sol_JC_PJ82_5,2.50364819641537,1.2721650351294,2.09818308830721,3.25809653802148,2.1783544133448,0.866699927021236,1.00680473941499,0,1.11803037452521
CA_Sol_JC_PJ82_7,2.28050464510116,2.1194628955166,1.58735746454122,1.87180217690159,NA,1.13863364250488,0.860201265223111,1.11803037452521,0
CA_Sol_JC_PJ82_9,2.24048329126439,3.17805383034795,1.65269662636227,2.30178445231056,2.54379816761619,1.47330573810952,0.915490091190668,1.2721650351294,0.579017854569455
