,CA_GM28_1a,CA_GM28_1b,CA_GM28_1c,CA_GM28_2,CA_GM28_3a,CA_GM28_3c,CA_GM28_4
CA_GM28_1a,0,0.207639365,0.287682072,0.575364145,0.693147181,1.673976434,1.673976434
CA_GM28_1b,0.207639365,0,0.374693449,0.575364145,0.826678573,2.079441542,2.772588722
CA_GM28_1c,0.287682072,0.374693449,0,0.575364145,0.693147181,1.386294361,1.673976434
CA_GM28_2,0.575364145,0.575364145,0.575364145,0,0.826678573,2.079441542,1.16315081
CA_GM28_3a,0.693147181,0.826678573,0.693147181,0.826678573,0,0.980829253,1.386294361
CA_GM28_3c,1.673976434,2.079441542,1.386294361,2.079441542,0.980829253,0,1.386294361
CA_GM28_4,1.673976434,2.772588722,1.673976434,1.16315081,1.386294361,1.386294361,0
