,CA_ED_JN_PJ13_1,CA_ED_JN_PJ13_12,CA_ED_JN_PJ13_14,CA_ED_JN_PJ13_15,CA_ED_JN_PJ13_16,CA_ED_JN_PJ13_17,CA_ED_JN_PJ13_18,CA_ED_JN_PJ13_19,CA_ED_JN_PJ13_2,CA_ED_JN_PJ13_20,CA_ED_JN_PJ13_21,CA_ED_JN_PJ13_24,CA_ED_JN_PJ13_3,CA_ED_JN_PJ13_4,CA_ED_JN_PJ13_5,CA_ED_JN_PJ13_6,CA_ED_JN_PJ13_7,CA_ED_JN_PJ13_8,CA_ED_JN_PJ14_1,CA_ED_JN_PJ14_10,CA_ED_JN_PJ14_11,CA_ED_JN_PJ14_12,CA_ED_JN_PJ14_13,CA_ED_JN_PJ14_14,CA_ED_JN_PJ14_16,CA_ED_JN_PJ14_17,CA_ED_JN_PJ14_18,CA_ED_JN_PJ14_19,CA_ED_JN_PJ14_2,CA_ED_JN_PJ14_20,CA_ED_JN_PJ14_21,CA_ED_JN_PJ14_23,CA_ED_JN_PJ14_24,CA_ED_JN_PJ14_3,CA_ED_JN_PJ14_5,CA_ED_JN_PJ14_6,CA_ED_JN_PJ14_7
CA_ED_JN_PJ13_1,0,0.798900104176945,0.964373742360244,1.40503590774726,1.84755500193229,0.692278370610675,0.758878750340177,0.631159677607793,0.791502327682972,0.964373742360244,0.92589322179218,0.845420119811838,1.96290257247137,2.50364819641537,0.715373061845362,0.853499750159441,0.982557564445682,0.773318505597535,0.474211005028474,1.38542555117062,0.9255470812453,1.05605267424931,1.25088522792,0.711888727187316,1.71158814419047,1.03662478571596,1.34373474670109,1.05605267424931,0.87459992740463,1.6731076236224,1.38542555117062,1.52605630349505,2.81020043285858,1.71158814419047,1.01670785964228,1.09774347871884,1.18189235643305
CA_ED_JN_PJ13_12,0.798900104176945,0,1.66752878957881,3.25809653802148,1.34924037504303,1.15904463976501,0.820179911386343,0.461937180042127,1.15508436060207,0.568916500910695,0.753579531656841,0.906721280858004,1.19752516033307,1.31218638896617,1.09512795401006,0.870349148634774,0.769421879790088,0.792060052224905,0.732222460320694,1.29257603238953,0.775539148624259,0.393434996068781,0.815749502652278,1.00680473941499,1.57221860977448,1.50339105487029,1.69271798019904,2.09818308830721,1.15904463976501,1.85219182032495,1.44672671221679,0.945503578368821,2.58381952145296,1.66752878957881,0.866699927021236,0.673536823983305,0.955511445027436
CA_ED_JN_PJ13_14,0.964373742360244,1.66752878957881,0,2.02420373351754,2.0612577195944,0.954771252442219,1.03972077083992,1.70458277565567,1.23457914640993,1.68639895357023,1.17791480375643,0.879071429214535,1.79175946922805,2.58381952145296,1.40168019045327,1.53980687876735,2.0612577195944,1.68639895357023,0.996215082345103,1.64791843300216,1.27398239287757,1.60622762853264,1.40516452511131,0.712017344551369,2.37954613413017,1.92772632696988,2.52251836040679,2.11705325229863,0.772449695648265,2.56420916487632,1.87106198431637,1.60622762853264,2.60268968544438,2.19722457733622,0.985653549569642,0.954771252442219,1.48520723278485
CA_ED_JN_PJ13_15,1.40503590774726,3.25809653802148,2.02420373351754,0,1.28024750355608,1.53373808920642,1.96531221568935,1.68571261166424,1.59040243185992,1.40516452511131,1.73440878466857,1.64865862558738,1.02567490340641,0.955511445027436,1.38281002646184,2.21408389533587,1.68571261166424,1.89067234089301,1.92180652719453,2.13987389277673,2.21062367391358,3.88994255753526,3.25809653802148,1.64865862558738,NA,2.6020033435384,3.19679537697532,1.94403240847995,1.98572321294947,2.83302107333668,2.13987389277673,1.94403240847995,0.97438160901886,0.925591444849428,2.1194628955166,2.32219544957069,2.15948424935337
CA_ED_JN_PJ13_16,1.84755500193229,1.34924037504303,2.0612577195944,1.28024750355608,0,2.17692787885359,1.7510517734853,1.54044504094715,1.54044504094715,1.70458277565567,1.88924580640181,1.90885616297845,0.829114038301766,0.992565431104297,2.51847630120681,1.04716507708679,1.94591014905531,2.62087350752982,1.60218556933266,2.17692787885359,1.21805824280928,1.62441145061808,2.19653823543023,1.50339105487029,1.92772632696988,2.63905732961526,2.54070218249223,2.82838425494401,1.48378069829365,1.88924580640181,1.48378069829365,2.54070218249223,0.962645430926289,0.916125415291396,3.25512917026157,1.48378069829365,3.29515052409834
CA_ED_JN_PJ13_17,0.692278370610675,1.15904463976501,0.954771252442219,1.53373808920642,2.17692787885359,0,0.847089570444596,0.749811523213447,0.877644894723332,0.772449695648265,0.967584026261706,0.753579531656841,1.55260825319784,2.13987389277673,0.852374046119213,1.04179402882084,0.972955074527657,1.46559687620821,1.14005611857099,0.867500567704723,0.910079471874877,0.979960443062456,0.935901088450796,0.840590908646471,1.17791480375643,1.6661022550876,1.92442205190331,1.6731076236224,1.27296567581289,1.27296567581289,2.12026353620009,1.92442205190331,3.25735634543627,1.46559687620821,0.847089570444596,1.02165124753198,1.62904826901074
CA_ED_JN_PJ13_18,0.758878750340177,0.820179911386343,1.03972077083992,1.96531221568935,1.7510517734853,0.847089570444596,0,0.770222520473574,0.903753913098097,0.794598312806933,1.00124025027185,0.915490091190668,2.13833305950803,2.1194628955166,1.88178517335776,0.970089737173164,1.24022614971931,0.934360255182092,1.18863799279782,0.847089570444595,0.784307958956923,0.854188930144502,0.775728148815509,1.20317216364245,1.1575038064963,1.64569125782747,1.77047966201866,1.21086387408323,1.25255467855276,1.6943874308318,1.11902328592824,1.21086387408323,NA,1.22204232763387,0.826678573184468,1.32666265070648,1.2721650351294
CA_ED_JN_PJ13_19,0.631159677607793,0.461937180042127,1.70458277565567,1.68571261166424,1.54044504094715,0.749811523213447,0.770222520473574,0,1.02961941718116,0.829114038301766,0.790633517733702,0.810243874310343,1.36811053903445,1.68571261166424,1.01439890443054,0.864843520292839,0.658055860748675,0.605970486987556,0.726716831978759,1.32963001846639,0.561278706420214,0.461260640812396,0.897255251299972,1.21570898241851,1.52226121886171,1.54044504094715,1.62441145061808,2.13523707438407,1.19609862584187,1.32963001846639,1.88924580640181,1.09378319955591,2.39772995621561,2.21540839942166,0.903753913098097,0.877644894723332,0.943775266934865
CA_ED_JN_PJ13_2,0.791502327682972,1.15508436060207,1.23457914640993,1.59040243185992,1.54044504094715,0.877644894723332,0.903753913098097,1.02961941718116,0,0.871673652720562,0.924164910358225,0.730201166636806,1.52226121886171,2.04238755560297,1.1967204612245,0.951854897282468,1.38629436111989,0.829114038301766,1.01439890443054,0.972955074527657,1.21805824280928,1.15440782137234,1.34924037504303,0.810243874310343,2.62087350752982,1.94591014905531,2.31755863117802,1.62441145061808,1.02424836891521,1.48378069829365,1.40373799062011,2.31755863117802,2.62087350752982,1.52226121886171,1.64569125782747,1.19609862584187,1.90885616297845
CA_ED_JN_PJ13_20,0.964373742360244,0.568916500910695,1.68639895357023,1.40516452511131,1.70458277565567,0.772449695648265,0.794598312806933,0.829114038301766,0.871673652720562,0,1.11729018193999,0.637909372397647,1.04454506739783,1.33105655295759,1.11399811800149,0.889219312626197,0.916125415291396,0.693147180559945,1.40168019045327,0.905981088272787,1.1308815492369,0.817770268168369,0.97438160901886,1.02567490340641,1.42403468910274,2.21540839942166,2.29937480909258,1.51091744872831,1.75327894865999,1.55260825319784,1.64791843300216,1.34386336406515,2.60268968544438,1.04454506739783,0.839050075377767,1.17791480375643,0.925591444849428
CA_ED_JN_PJ13_21,0.92589322179218,0.753579531656841,1.17791480375643,1.73440878466857,1.88924580640181,0.967584026261706,1.00124025027185,0.790633517733702,0.924164910358225,1.11729018193999,0,1.15904463976501,1.31144619638095,1.62904826901074,1.28315696221167,0.767357183119082,0.710590810060166,0.954771252442219,1.01489297561699,1.02165124753198,0.856012250604601,1.23127487134336,1.29257603238953,1.62904826901074,1.64791843300216,1.88924580640181,2.26089428852452,1.6731076236224,1.07880966137193,1.83258146374831,1.42711635564015,1.38542555117062,2.15874405676816,1.64791843300216,1.25255467855276,0.82098055206983,1.85219182032495
CA_ED_JN_PJ13_24,0.845420119811838,0.906721280858004,0.879071429214535,1.64865862558738,1.90885616297845,0.753579531656841,0.915490091190668,0.810243874310343,0.730201166636806,0.637909372397647,1.15904463976501,0,1.33105655295759,1.31218638896617,0.871984402695853,0.509335803097443,0.852803488729139,0.879071429214535,0.823194238526421,0.987194382838346,1.18100425673242,0.945503578368821,1.11803037452521,0.619039208406223,2.58381952145296,1.68571261166424,1.81050101585543,2.09818308830721,1.29257603238953,1.73440878466857,2.13987389277673,1.32499320007372,3.97011388257285,0.925591444849428,0.775728148815509,0.673536823983305,0.619039208406223
CA_ED_JN_PJ13_3,1.96290257247137,1.19752516033307,1.79175946922805,1.02567490340641,0.829114038301766,1.55260825319784,2.13833305950803,1.36811053903445,1.52226121886171,1.04454506739783,1.31144619638095,1.33105655295759,0,0.834619666643701,1.80714529856143,1.38565619894009,1.23457914640993,2.19722457733622,1.58400174724722,1.64791843300216,1.35402510055111,1.42390607173868,2.02420373351754,2.1783544133448,3.29583686600433,2.62087350752982,3.90881272152668,3.90881272152668,2.15874405676816,2.34106561356211,3.25735634543627,2.11705325229863,0.554996842079128,0.65677953638907,2.54379816761619,1.64791843300216,2.02420373351754
CA_ED_JN_PJ13_4,2.50364819641537,1.31218638896617,2.58381952145296,0.955511445027436,0.992565431104297,2.13987389277673,2.1194628955166,1.68571261166424,2.04238755560297,1.33105655295759,1.62904826901074,1.31218638896617,0.834619666643701,0,1.5651315832558,1.70325827156988,1.15508436060207,3.27696670201291,1.46982140345147,1.98572321294947,1.74062004466785,1.58735746454122,2.56494935746154,1.46633706879343,NA,2.6020033435384,3.19679537697532,2.50364819641537,1.85219182032495,2.5453390008849,2.32219544957069,1.69271798019904,1.33105655295759,1.07974212467669,2.1194628955166,1.98572321294947,1.46633706879343
CA_ED_JN_PJ13_5,0.715373061845362,1.09512795401006,1.40168019045327,1.38281002646184,2.51847630120681,0.852374046119213,1.88178517335776,1.01439890443054,1.1967204612245,1.11399811800149,1.28315696221167,0.871984402695853,1.80714529856143,1.5651315832558,0,1.43740967244434,1.4198640125387,1.32163748277973,0.648695417989111,2.05634685044515,1.79062439496079,1.40852024240531,1.38281002646184,0.97734491835368,1.4886915674429,1.60218556933266,1.60919093786746,1.72697397352384,1.3631996698852,1.45021104687483,1.65088174233698,1.40852024240531,2.27714892780717,1.68936226290505,0.883256343246636,0.852374046119213,1.15966647514763
CA_ED_JN_PJ13_6,0.853499750159441,0.870349148634774,1.53980687876735,2.21408389533587,1.04716507708679,1.04179402882084,0.970089737173164,0.864843520292839,0.951854897282468,0.889219312626197,0.767357183119082,0.509335803097443,1.38565619894009,1.70325827156988,1.43740967244434,0,0.641699968978629,0.623516146893192,1.43740967244434,0.654028497812079,0.696607401982232,1.17195348127798,0.914800911205607,1.36678603494866,1.02898125500136,1.04716507708679,0.948809929963766,1.17195348127798,1.34717567837202,1.09586125009112,1.09586125009112,1.86510066183792,2.63841916743546,1.13434177065918,1.19323328848737,0.728136469965801,1.01011109100993
CA_ED_JN_PJ13_7,0.982557564445682,0.769421879790088,2.0612577195944,1.68571261166424,1.94591014905531,0.972955074527657,1.24022614971931,0.658055860748675,1.38629436111989,0.916125415291396,0.710590810060166,0.852803488729139,1.23457914640993,1.15508436060207,1.4198640125387,0.641699968978629,0,0.674963358474508,1.13218194008692,0.790633517733702,0.861383298870552,0.791502327682972,0.943775266934865,1.90885616297845,2.0612577195944,1.25276296849537,1.44208989382412,1.84755500193229,2.17692787885359,1.88924580640181,2.17692787885359,1.28793921399686,2.39772995621561,1.52226121886171,1.05790459292536,0.924164910358225,0.769421879790088
CA_ED_JN_PJ13_8,0.773318505597535,0.792060052224905,1.68639895357023,1.89067234089301,2.62087350752982,1.46559687620821,0.934360255182092,0.605970486987556,0.829114038301766,0.693147180559945,0.954771252442219,0.879071429214535,2.19722457733622,3.27696670201291,1.32163748277973,0.623516146893192,0.674963358474508,0,1.11399811800149,0.815009310067061,0.948559992442941,0.773318505597535,0.834619666643701,1.33105655295759,1.90954250488444,1.70458277565567,1.34386336406515,1.71158814419047,1.87106198431637,2.15874405676816,1.87106198431637,0.913080447972694,2.89037175789616,1.68639895357023,0.839050075377767,0.954771252442219,0.637909372397647
CA_ED_JN_PJ14_1,0.474211005028474,0.732222460320694,0.996215082345103,1.92180652719453,1.60218556933266,1.14005611857099,1.18863799279782,0.726716831978759,1.01439890443054,1.40168019045327,1.01489297561699,0.823194238526421,1.58400174724722,1.46982140345147,0.648695417989111,1.43740967244434,1.13218194008692,1.11399811800149,0,2.2386684072391,1.17158518655456,1.0338267929639,1.15966647514763,0.689662845901899,2.27714892780717,1.4198640125387,2.19697760276958,2.19697760276958,0.552269453668874,2.2386684072391,1.45021104687483,0.973202171147462,2.50029247912138,1.80714529856143,1.11964512131087,0.670052489325258,1.03450333219363
CA_ED_JN_PJ14_10,1.38542555117062,1.29257603238953,1.64791843300216,2.13987389277673,2.17692787885359,0.867500567704723,0.847089570444595,1.32963001846639,0.972955074527657,0.905981088272787,1.02165124753198,0.987194382838346,1.64791843300216,1.98572321294947,2.05634685044515,0.654028497812079,0.790633517733702,0.815009310067061,2.2386684072391,0,1.16139390015578,0.92589322179218,0.753579531656841,1.44672671221679,1.64791843300216,1.48378069829365,1.6731076236224,1.56774710796457,2.12026353620009,1.42711635564015,1.42711635564015,1.38542555117062,2.15874405676816,1.55260825319784,1.18356180706581,1.20397280432594,1.15904463976501
CA_ED_JN_PJ14_11,0.9255470812453,0.775539148624259,1.27398239287757,2.21062367391358,1.21805824280928,0.910079471874877,0.784307958956923,0.561278706420214,1.21805824280928,1.1308815492369,0.856012250604601,1.18100425673242,1.35402510055111,1.74062004466785,1.79062439496079,0.696607401982232,0.861383298870552,0.948559992442941,1.17158518655456,1.16139390015578,0,0.763028151747525,0.986848242291466,1.25511222888614,0.843199476785114,1.37220892263654,1.36086515250315,1.19381106783998,1.2355018723095,1.2355018723095,0.967237885714825,1.96700095607346,1.89302160128379,2.45263738921921,1.0719900314087,0.910079471874877,1.62283700901146
CA_ED_JN_PJ14_12,1.05605267424931,0.393434996068781,1.60622762853264,3.88994255753526,1.62441145061808,0.979960443062456,0.854188930144502,0.461260640812396,1.15440782137234,0.817770268168369,1.23127487134336,0.945503578368821,1.42390607173868,1.58735746454122,1.40852024240531,1.17195348127798,0.791502327682972,0.773318505597535,1.0338267929639,0.92589322179218,0.763028151747525,0,0.631846019513779,0.89421028398127,1.96290257247137,2.13523707438407,2.03688192726104,2.4423470353692,1.6731076236224,1.79089065927878,1.92442205190331,1.26369203902756,1.60622762853264,1.96290257247137,0.714426987769343,0.979960443062456,0.845420119811838
CA_ED_JN_PJ14_13,1.25088522792,0.815749502652278,1.40516452511131,3.25809653802148,2.19653823543023,0.935901088450796,0.775728148815509,0.897255251299972,1.34924037504303,0.97438160901886,1.29257603238953,1.11803037452521,2.02420373351754,2.56494935746154,1.38281002646184,0.914800911205607,0.943775266934865,0.834619666643701,1.15966647514763,0.753579531656841,0.986848242291466,0.631846019513779,0,1.00680473941499,0.97438160901886,1.21570898241851,1.25088522792,1.40503590774726,1.53373808920642,1.44672671221679,1.36668400454325,1.18189235643305,NA,1.66752878957881,0.61538549874033,0.530435980342632,1.24319351747922
CA_ED_JN_PJ14_14,0.711888727187316,1.00680473941499,0.712017344551369,1.64865862558738,1.50339105487029,0.840590908646471,1.20317216364245,1.21570898241851,0.810243874310343,1.02567490340641,1.62904826901074,0.619039208406223,2.1783544133448,1.46633706879343,0.97734491835368,1.36678603494866,1.90885616297845,1.33105655295759,0.689662845901899,1.44672671221679,1.25511222888614,0.89421028398127,1.00680473941499,0,3.97011388257285,1.68571261166424,3.88994255753526,1.81050101585543,0.635796496000458,1.98572321294947,1.53373808920642,1.40503590774726,NA,2.02420373351754,0.61538549874033,0.599428851829583,1.24319351747922
CA_ED_JN_PJ14_16,1.71158814419047,1.57221860977448,2.37954613413017,NA,1.92772632696988,1.17791480375643,1.1575038064963,1.52226121886171,2.62087350752982,1.42403468910274,1.64791843300216,2.58381952145296,3.29583686600433,NA,1.4886915674429,1.02898125500136,2.0612577195944,1.90954250488444,2.27714892780717,1.64791843300216,0.843199476785114,1.96290257247137,0.97438160901886,3.97011388257285,0,0.74907133062823,0.773318505597535,0.650716183505203,1.46559687620821,0.583207696009736,0.618299015821006,2.29937480909258,3.98898404656427,3.29583686600433,1.62750743574204,1.31144619638095,2.36067597013875
CA_ED_JN_PJ14_17,1.03662478571596,1.50339105487029,1.92772632696988,2.6020033435384,2.63905732961526,1.6661022550876,1.64569125782747,1.54044504094715,1.94591014905531,2.21540839942166,1.88924580640181,1.68571261166424,2.62087350752982,2.6020033435384,1.60218556933266,1.04716507708679,1.25276296849537,1.70458277565567,1.4198640125387,1.48378069829365,1.37220892263654,2.13523707438407,1.21570898241851,1.68571261166424,0.74907133062823,0,0.748942713264176,0.559700713625648,1.07831559018548,0.924164910358225,0.877644894723332,1.84755500193229,3.31402068808977,2.21540839942166,2.15651688159347,1.26063714697944,2.19653823543023
CA_ED_JN_PJ14_18,1.34373474670109,1.69271798019904,2.52251836040679,3.19679537697532,2.54070218249223,1.92442205190331,1.77047966201866,1.62441145061808,2.31755863117802,2.29937480909258,2.26089428852452,1.81050101585543,3.90881272152668,3.19679537697532,1.60919093786746,0.948809929963766,1.44208989382412,1.34386336406515,2.19697760276958,1.6731076236224,1.36086515250315,2.03688192726104,1.25088522792,3.88994255753526,0.773318505597535,0.748942713264176,0,0.650587566141149,2.77171991229051,0.692278370610675,0.779289747600305,1.88273124743378,NA,2.81020043285858,2.4636268425786,1.56774710796457,1.81050101585543
CA_ED_JN_PJ14_19,1.05605267424931,2.09818308830721,2.11705325229863,1.94403240847995,2.82838425494401,1.6731076236224,1.21086387408323,2.13523707438407,1.62441145061808,1.51091744872831,1.6731076236224,2.09818308830721,3.90881272152668,2.50364819641537,1.72697397352384,1.17195348127798,1.84755500193229,1.71158814419047,2.19697760276958,1.56774710796457,1.19381106783998,2.4423470353692,1.40503590774726,1.81050101585543,0.650716183505203,0.559700713625648,0.650587566141149,0,1.56774710796457,0.825809763235198,0.612235662937138,2.73002910782099,NA,2.29937480909258,2.24048329126439,1.6731076236224,2.28050464510116
CA_ED_JN_PJ14_2,0.87459992740463,1.15904463976501,0.772449695648265,1.98572321294947,1.48378069829365,1.27296567581289,1.25255467855276,1.19609862584187,1.02424836891521,1.75327894865999,1.07880966137193,1.29257603238953,2.15874405676816,1.85219182032495,1.3631996698852,1.34717567837202,2.17692787885359,1.87106198431637,0.552269453668874,2.12026353620009,1.2355018723095,1.6731076236224,1.53373808920642,0.635796496000458,1.46559687620821,1.07831559018548,2.77171991229051,1.56774710796457,0,1.20397280432594,1.20397280432594,1.30538284349708,3.95050352599621,2.15874405676816,1.11902328592824,0.82098055206983,1.44672671221679
CA_ED_JN_PJ14_20,1.6731076236224,1.85219182032495,2.56420916487632,2.83302107333668,1.88924580640181,1.27296567581289,1.6943874308318,1.32963001846639,1.48378069829365,1.55260825319784,1.83258146374831,1.73440878466857,2.34106561356211,2.5453390008849,1.45021104687483,1.09586125009112,1.88924580640181,2.15874405676816,2.2386684072391,1.42711635564015,1.2355018723095,1.79089065927878,1.44672671221679,1.98572321294947,0.583207696009736,0.924164910358225,0.692278370610675,0.825809763235198,1.20397280432594,0,0.867500567704723,NA,NA,2.8518912373281,2.50531764704813,1.6094379124341,2.32219544957069
CA_ED_JN_PJ14_21,1.38542555117062,1.44672671221679,1.87106198431637,2.13987389277673,1.48378069829365,2.12026353620009,1.11902328592824,1.88924580640181,1.40373799062011,1.64791843300216,1.42711635564015,2.13987389277673,3.25735634543627,2.32219544957069,1.65088174233698,1.09586125009112,2.17692787885359,1.87106198431637,1.45021104687483,1.42711635564015,0.967237885714825,1.92442205190331,1.36668400454325,1.53373808920642,0.618299015821006,0.877644894723332,0.779289747600305,0.612235662937138,1.20397280432594,0.867500567704723,0,3.17718502039868,NA,3.25735634543627,3.19846482760807,1.42711635564015,2.32219544957069
CA_ED_JN_PJ14_23,1.52605630349505,0.945503578368821,1.60622762853264,1.94403240847995,2.54070218249223,1.92442205190331,1.21086387408323,1.09378319955591,2.31755863117802,1.34386336406515,1.38542555117062,1.32499320007372,2.11705325229863,1.69271798019904,1.40852024240531,1.86510066183792,1.28793921399686,0.913080447972694,0.973202171147462,1.38542555117062,1.96700095607346,1.26369203902756,1.18189235643305,1.40503590774726,2.29937480909258,1.84755500193229,1.88273124743378,2.73002910782099,1.30538284349708,NA,3.17718502039868,0,1.96290257247137,1.96290257247137,0.80539876597507,0.825809763235198,0.798900104176945
CA_ED_JN_PJ14_24,2.81020043285858,2.58381952145296,2.60268968544438,0.97438160901886,0.962645430926289,3.25735634543627,NA,2.39772995621561,2.62087350752982,2.60268968544438,2.15874405676816,3.97011388257285,0.554996842079128,1.33105655295759,2.27714892780717,2.63841916743546,2.39772995621561,2.89037175789616,2.50029247912138,2.15874405676816,1.89302160128379,1.60622762853264,NA,NA,3.98898404656427,3.31402068808977,NA,NA,3.95050352599621,NA,NA,1.96290257247137,0,0.944461608840852,3.93009252873608,NA,2.87150159390474
CA_ED_JN_PJ14_3,1.71158814419047,1.66752878957881,2.19722457733622,0.925591444849428,0.916125415291396,1.46559687620821,1.22204232763387,2.21540839942166,1.52226121886171,1.04454506739783,1.64791843300216,0.925591444849428,0.65677953638907,1.07974212467669,1.68936226290505,1.13434177065918,1.52226121886171,1.68639895357023,1.80714529856143,1.55260825319784,2.45263738921921,1.96290257247137,1.66752878957881,2.02420373351754,3.29583686600433,2.21540839942166,2.81020043285858,2.29937480909258,2.15874405676816,2.8518912373281,3.25735634543627,1.96290257247137,0.944461608840852,0,1.85065098705625,1.64791843300216,2.02420373351754
CA_ED_JN_PJ14_5,1.01670785964228,0.866699927021236,0.985653549569642,2.1194628955166,3.25512917026157,0.847089570444596,0.826678573184468,0.903753913098097,1.64569125782747,0.839050075377767,1.25255467855276,0.775728148815509,2.54379816761619,2.1194628955166,0.883256343246636,1.19323328848737,1.05790459292536,0.839050075377767,1.11964512131087,1.18356180706581,1.0719900314087,0.714426987769343,0.61538549874033,0.61538549874033,1.62750743574204,2.15651688159347,2.4636268425786,2.24048329126439,1.11902328592824,2.50531764704813,3.19846482760807,0.80539876597507,3.93009252873608,1.85065098705625,0,0.713558177820073,0.692346539876458
CA_ED_JN_PJ14_6,1.09774347871884,0.673536823983305,0.954771252442219,2.32219544957069,1.48378069829365,1.02165124753198,1.32666265070648,0.877644894723332,1.19609862584187,1.17791480375643,0.82098055206983,0.673536823983305,1.64791843300216,1.98572321294947,0.852374046119213,0.728136469965801,0.924164910358225,0.954771252442219,0.670052489325258,1.20397280432594,0.910079471874877,0.979960443062456,0.530435980342632,0.599428851829583,1.31144619638095,1.26063714697944,1.56774710796457,1.6731076236224,0.82098055206983,1.6094379124341,1.42711635564015,0.825809763235198,NA,1.64791843300216,0.713558177820073,0,0.987194382838346
CA_ED_JN_PJ14_7,1.18189235643305,0.955511445027436,1.48520723278485,2.15948424935337,3.29515052409834,1.62904826901074,1.2721650351294,0.943775266934865,1.90885616297845,0.925591444849428,1.85219182032495,0.619039208406223,2.02420373351754,1.46633706879343,1.15966647514763,1.01011109100993,0.769421879790088,0.637909372397647,1.03450333219363,1.15904463976501,1.62283700901146,0.845420119811838,1.24319351747922,1.24319351747922,2.36067597013875,2.19653823543023,1.81050101585543,2.28050464510116,1.44672671221679,2.32219544957069,2.32219544957069,0.798900104176945,2.87150159390474,2.02420373351754,0.692346539876458,0.987194382838346,0
