,CA_Hu_JHxJN_PJ43_1,CA_Hu_JHxJN_PJ43_11,CA_Hu_JHxJN_PJ43_13,CA_Hu_JHxJN_PJ43_14,CA_Hu_JHxJN_PJ43_15,CA_Hu_JHxJN_PJ43_16,CA_Hu_JHxJN_PJ43_17,CA_Hu_JHxJN_PJ43_18,CA_Hu_JHxJN_PJ43_2,CA_Hu_JHxJN_PJ43_20,CA_Hu_JHxJN_PJ43_21,CA_Hu_JHxJN_PJ43_23,CA_Hu_JHxJN_PJ43_24,CA_Hu_JHxJN_PJ43_3,CA_Hu_JHxJN_PJ43_4,CA_Hu_JHxJN_PJ43_5,CA_Hu_JHxJN_PJ43_8,CA_Hu_JHxJN_PJ43_9,CA_Hu_JHxJN_PJ44_1,CA_Hu_JHxJN_PJ44_10,CA_Hu_JHxJN_PJ44_11,CA_Hu_JHxJN_PJ44_12,CA_Hu_JHxJN_PJ44_13,CA_Hu_JHxJN_PJ44_14,CA_Hu_JHxJN_PJ44_17,CA_Hu_JHxJN_PJ44_18,CA_Hu_JHxJN_PJ44_19,CA_Hu_JHxJN_PJ44_2,CA_Hu_JHxJN_PJ44_20,CA_Hu_JHxJN_PJ44_21,CA_Hu_JHxJN_PJ44_22,CA_Hu_JHxJN_PJ44_23,CA_Hu_JHxJN_PJ44_24,CA_Hu_JHxJN_PJ44_3,CA_Hu_JHxJN_PJ44_5,CA_Hu_JHxJN_PJ44_8
CA_Hu_JHxJN_PJ43_1,0,0.462623521948113,0.189303410302648,0.473606321106371,0.549306144334055,0.269498250366344,0.693147180559945,1.70458277565567,0.292506369009697,1.00606454682977,0.712017344551369,0.37806613392005,0.6216882165778,0.65677953638907,0.623516146893191,0.730887508542792,0.74907133062823,0.256541815868543,0.623516146893191,0.44375335795669,0.504377979773124,0.65677953638907,0.792060052224905,2.21540839942166,1.01143559509572,0.473606321106371,0.612975855522356,3.23694534817614,0.692406987974728,0.605970486987556,0.634255662731754,0.587786664902119,0.492476485097794,NA,0.879071429214535,0.554996842079128
CA_Hu_JHxJN_PJ43_11,0.462623521948113,0,0.212833907712842,0.834619666643701,0.815009310067061,0.451819807160298,0.897941593205959,2.0612577195944,0.433584967269602,0.654666659991881,0.712017344551369,0.554996842079128,0.730887508542792,1.09861228866811,0.766616990533865,1.15577070250806,0.788292043781511,0.712017344551369,0.441194590099237,0.568916500910695,0.568916500910695,0.693147180559945,0.75123805770465,2.62087350752982,1.36811053903445,0.792060052224905,0.507615339864529,3.93009252873608,0.549306144334055,0.74907133062823,0.752038698388137,0.351397886837889,0.251314428280906,2.58381952145296,1.07974212467669,0.405465108108164
CA_Hu_JHxJN_PJ43_13,0.189303410302648,0.212833907712842,0,0.564337532018313,0.616186139423817,0.305125701952001,0.73162770112801,1.88924580640181,0.425876105368292,0.776528789498996,0.530435980342632,0.395155464506797,0.549306144334055,0.772449695648265,0.585035626325127,0.731627701128009,0.710590810060166,0.405272837388625,0.459872483371122,0.530435980342632,0.46589745920506,0.618299015821006,0.673536823983305,2.58239298696176,1.07831559018548,0.49764615751964,0.404596298158894,3.19846482760807,0.616186139423817,0.567489966419492,0.559407497992815,0.395155464506797,0.3669845875401,2.5453390008849,0.887110924281364,0.484767623196484
CA_Hu_JHxJN_PJ43_14,0.473606321106371,0.834619666643701,0.564337532018313,0,0.796139146075637,0.656093194483084,0.97438160901886,2.19653823543023,0.733168534396713,0.987194382838346,0.619039208406223,0.504377979773124,0.792060052224905,0.473606321106371,0.604645982901768,0.925591444849428,0.943775266934865,0.517256514096281,0.786967539695723,0.773189888233482,0.693147180559945,1.33105655295759,1.11803037452521,NA,1.21570898241851,0.583947888594953,0.999570799639096,3.21807518418471,0.935901088450796,1.21570898241851,0.820179911386343,1.07974212467669,0.792060052224905,NA,1.31218638896617,0.97438160901886
CA_Hu_JHxJN_PJ43_15,0.549306144334055,0.815009310067061,0.616186139423817,0.796139146075637,0,0.636482837906444,1.38555416853467,2.17692787885359,0.847089570444595,1.42711635564015,1.29257603238953,0.815009310067061,0.815009310067061,0.731627701128009,0.654028497812079,0.731627701128009,1.57079207528328,0.796139146075637,0.808179177639337,1.15904463976501,0.840590908646471,1.31144619638095,0.635796496000458,2.17692787885359,1.48378069829365,0.840590908646471,0.65145637609042,NA,1.02165124753198,1.07831559018548,1.0583986641118,0.772449695648265,0.815009310067061,NA,1.15904463976501,0.73162770112801
CA_Hu_JHxJN_PJ43_16,0.269498250366344,0.451819807160298,0.305125701952001,0.656093194483084,0.636482837906444,0,0.423648930193602,1.94591014905531,0.310690191095134,0.877644894723332,0.943775266934865,0.605970486987557,0.674963358474508,0.829114038301766,0.516536826024623,0.674963358474508,0.767255152713667,0.432949643168875,0.459378412184674,0.656093194483084,0.522561801858562,0.74907133062823,0.730201166636806,1.94591014905531,1.38629436111989,0.554310500173142,0.631159677607793,NA,0.833193132152498,0.767255152713667,0.903753913098097,0.573180664164565,0.396249956005487,3.98829770465829,0.992565431104297,0.480807344033551
CA_Hu_JHxJN_PJ43_17,0.693147180559945,0.897941593205959,0.73162770112801,0.97438160901886,1.38555416853467,0.423648930193602,0,2.62087350752982,0.671995990714601,1.06013176810005,1.26206368147064,0.730887508542792,1.21639532432449,0.693147180559945,0.692509018380143,0.853489830635125,0.293595801945404,0.602818052586377,0.846659698207401,0.97438160901886,0.792060052224905,0.944461608840852,1.40516452511131,1.23457914640993,1.52226121886171,0.879071429214535,1.07559937747047,1.44518587894808,1.17791480375643,1.11679611075355,0.88557009101266,0.897941593205959,0.853489830635125,NA,1.07974212467669,0.897941593205959
CA_Hu_JHxJN_PJ43_18,1.70458277565567,2.0612577195944,1.88924580640181,2.19653823543023,2.17692787885359,1.94591014905531,2.62087350752982,0,1.46336970103352,3.96868734808165,1.90885616297845,1.92772632696988,2.21540839942166,2.21540839942166,1.96345580896095,2.39772995621561,4.02535169073515,1.79107312732207,NA,1.79107312732207,NA,1.70458277565567,2.6020033435384,1.25276296849537,2.07944154167984,1.90885616297845,2.54070218249223,1.17568762858174,2.17692787885359,1.82812711339893,2.15651688159347,2.62087350752982,2.62087350752982,2.6020033435384,2.37885979222419,2.21540839942166
CA_Hu_JHxJN_PJ43_2,0.292506369009697,0.433584967269602,0.425876105368292,0.733168534396713,0.847089570444595,0.310690191095134,0.671995990714601,1.46336970103352,0,0.800569554809703,0.866699927021236,0.496105324250936,0.88557009101266,0.88557009101266,0.707725472705673,0.934360255182092,0.952544077267529,0.414714803278179,0.707725472705673,0.384861840128498,0.775728148815509,0.711216703867882,0.915490091190668,2.33883843838742,1.64569125782747,0.692346539876458,0.758878750340177,NA,0.672736183299818,0.690179812800038,0.735706794978741,0.562796698749609,0.374744467246669,NA,1.13863364250488,0.464356625936356
CA_Hu_JHxJN_PJ43_20,1.00606454682977,0.654666659991881,0.776528789498996,0.987194382838346,1.42711635564015,0.877644894723332,1.06013176810005,3.96868734808165,0.800569554809703,0,0.712757537136586,0.583207696009736,1.00606454682977,1.55260825319784,1.50132635819928,1.46559687620821,1.07831559018548,1.15904463976501,0.585035626325128,0.635796496000458,0.49764615751964,0.618299015821006,0.635796496000458,1.48378069829365,0.924164910358225,0.840590908646471,0.779289747600305,2.09985253893996,0.653926467406664,0.710590810060166,0.595775142163689,0.261624071882274,0.484767623196484,1.85219182032495,0.599428851829583,0.583207696009736
CA_Hu_JHxJN_PJ43_21,0.712017344551369,0.712017344551369,0.530435980342632,0.619039208406223,1.29257603238953,0.943775266934865,1.26206368147064,1.90885616297845,0.866699927021236,0.712757537136586,0,0.332527722846465,0.97438160901886,0.925591444849428,0.9613209268405,1.48520723278485,1.09792594676212,0.815749502652278,1.11547160666776,0.517256514096281,1.00680473941499,0.792060052224905,0.860201265223111,1.90885616297845,1.21570898241851,0.619039208406223,0.594105691530932,2.52492800362477,0.712757537136586,0.897255251299972,0.510024983082504,0.674277016568522,0.712017344551369,2.56494935746154,0.955511445027436,0.602818052586377
CA_Hu_JHxJN_PJ43_23,0.37806613392005,0.554996842079128,0.395155464506797,0.504377979773124,0.815009310067061,0.605970486987557,0.730887508542792,1.92772632696988,0.496105324250936,0.583207696009736,0.332527722846465,0,0.730887508542792,0.810930216216329,0.728876662551018,0.897941593205959,0.674963358474508,0.359195969928627,0.766616990533865,0.306552236443205,0.602818052586377,0.587786664902119,0.792060052224905,1.36811053903445,0.962645430926289,0.44375335795669,0.612975855522356,2.83148024006797,0.772449695648265,0.605970486987556,0.266530882606436,0.492476485097794,0.405465108108164,NA,0.75123805770465,0.405465108108164
CA_Hu_JHxJN_PJ43_24,0.6216882165778,0.730887508542792,0.549306144334055,0.792060052224905,0.815009310067061,0.674963358474508,1.21639532432449,2.21540839942166,0.88557009101266,1.00606454682977,0.97438160901886,0.730887508542792,0,0.770108221696074,0.846659698207401,1.28093384546206,1.1739545245935,0.879071429214535,0.335834074441411,0.712017344551369,0.504377979773124,0.65677953638907,0.414765821083437,1.52226121886171,0.674963358474508,0.674277016568522,0.650716183505203,1.62750743574204,1.17791480375643,0.48080734403355,1.03972077083992,0.993251773010283,0.587786664902119,1.89067234089301,0.712017344551369,0.433635985074861
CA_Hu_JHxJN_PJ43_3,0.65677953638907,1.09861228866811,0.772449695648265,0.473606321106371,0.731627701128009,0.829114038301766,0.693147180559945,2.21540839942166,0.88557009101266,1.55260825319784,0.925591444849428,0.810930216216329,0.770108221696074,0,0.335834074441411,0.993251773010283,0.916125415291396,0.568916500910695,1.02898125500136,1.26206368147064,1.07974212467669,1.34992671694902,1.19752516033307,2.39772995621561,1.2991176675475,0.568916500910695,0.913080447972694,1.98418237968077,1.64791843300216,1.23457914640993,0.985653549569642,1.42403468910274,1.04454506739783,NA,0.925591444849428,1.04454506739783
CA_Hu_JHxJN_PJ43_4,0.623516146893191,0.766616990533865,0.585035626325127,0.604645982901768,0.654028497812079,0.516536826024623,0.692509018380143,1.96345580896095,0.707725472705673,1.50132635819928,0.9613209268405,0.728876662551018,0.846659698207401,0.335834074441411,0,0.623516146893192,0.784800812619302,0.509335803097443,0.882389180198474,0.9613209268405,1.01011109100993,1.38565619894009,1.36678603494866,2.09698720158547,1.55799070085278,0.509335803097443,0.766488373169812,2.01991186167184,1.68364791499324,1.270308628401,0.921299573003732,1.13434177065918,0.728876662551018,NA,1.11547160666776,0.933671075197031
CA_Hu_JHxJN_PJ43_5,0.730887508542792,1.15577070250806,0.731627701128009,0.925591444849428,0.731627701128009,0.674963358474508,0.853489830635125,2.39772995621561,0.934360255182092,1.46559687620821,1.48520723278485,0.897941593205959,1.28093384546206,0.993251773010283,0.623516146893192,0,0.674963358474508,0.75123805770465,1.38565619894009,1.13690053851663,1.19752516033307,1.68639895357023,1.66752878957881,1.06272888948327,1.52226121886171,0.637909372397647,1.26975539191143,1.62750743574204,1.64791843300216,1.1739545245935,1.1575038064963,1.15577070250806,1.15577070250806,NA,0.834619666643701,1.42403468910274
CA_Hu_JHxJN_PJ43_8,0.74907133062823,0.788292043781511,0.710590810060166,0.943775266934865,1.57079207528328,0.767255152713667,0.293595801945404,4.02535169073515,0.952544077267529,1.07831559018548,1.09792594676212,0.674963358474508,1.1739545245935,0.916125415291396,0.784800812619302,0.674963358474508,0,0.621001874671814,0.951854897282468,0.852803488729139,0.656093194483084,0.916125415291396,1.50339105487029,1.62745641793678,1.13497993283898,0.810243874310343,1.03662478571596,1.46336970103352,1.19609862584187,0.889857474806,0.770222520473574,1.06272888948327,0.962645430926289,NA,1.15508436060207,1.06272888948327
CA_Hu_JHxJN_PJ43_9,0.256541815868543,0.712017344551369,0.405272837388625,0.517256514096281,0.796139146075637,0.432949643168875,0.602818052586377,1.79107312732207,0.414714803278179,1.15904463976501,0.815749502652278,0.359195969928627,0.879071429214535,0.568916500910695,0.509335803097443,0.75123805770465,0.621001874671814,0,0.914800911205607,0.619039208406223,0.773189888233482,0.879071429214535,1.31218638896617,2.6020033435384,1.09792594676212,0.395895657092014,0.798900104176945,2.1194628955166,1.04126160410862,0.852803488729138,0.384861840128498,0.792060052224905,0.602818052586377,NA,1.06087196068526,0.792060052224905
CA_Hu_JHxJN_PJ44_1,0.623516146893191,0.441194590099237,0.459872483371122,0.786967539695723,0.808179177639337,0.459378412184674,0.846659698207401,NA,0.707725472705673,0.585035626325128,1.11547160666776,0.766616990533865,0.335834074441411,1.02898125500136,0.882389180198474,1.38565619894009,0.951854897282468,0.914800911205607,0,0.604645982901768,0.268173746280555,0.55897762575562,0.368257204837538,2.25113788141273,0.784800812619302,0.870349148634774,0.577246373531283,2.35638409829305,0.895190554628967,0.459378412184674,1.07545025283099,0.623516146893192,0.311141461851039,1.8086187872277,0.747746826542441,0.498353003939186
CA_Hu_JHxJN_PJ44_10,0.44375335795669,0.568916500910695,0.530435980342632,0.773189888233482,1.15904463976501,0.656093194483084,0.97438160901886,1.79107312732207,0.384861840128498,0.635796496000458,0.517256514096281,0.306552236443205,0.712017344551369,1.26206368147064,0.9613209268405,1.13690053851663,0.852803488729139,0.619039208406223,0.604645982901768,0,0.773189888233482,0.637909372397647,0.906721280858004,2.04238755560297,1.15508436060207,0.773189888233482,0.631846019513779,2.1194628955166,0.673536823983305,0.432949643168875,0.61538549874033,0.712017344551369,0.473606321106371,2.56494935746154,1.17865499634165,0.504377979773124
CA_Hu_JHxJN_PJ44_11,0.504377979773124,0.568916500910695,0.46589745920506,0.693147180559945,0.840590908646471,0.522561801858562,0.792060052224905,NA,0.775728148815509,0.49764615751964,1.00680473941499,0.602818052586377,0.504377979773124,1.07974212467669,1.01011109100993,1.19752516033307,0.656093194483084,0.773189888233482,0.268173746280555,0.773189888233482,0,0.602818052586377,0.619039208406223,1.90885616297845,0.491790143191808,0.773189888233482,0.522646727548787,2.1194628955166,0.673536823983305,0.491790143191808,0.775728148815509,0.473606321106371,0.504377979773124,1.87180217690159,0.517256514096281,0.602818052586377
CA_Hu_JHxJN_PJ44_12,0.65677953638907,0.693147180559945,0.618299015821006,1.33105655295759,1.31144619638095,0.74907133062823,0.944461608840852,1.70458277565567,0.711216703867882,0.618299015821006,0.792060052224905,0.587786664902119,0.65677953638907,1.34992671694902,1.38565619894009,1.68639895357023,0.916125415291396,0.879071429214535,0.55897762575562,0.637909372397647,0.602818052586377,0,0.637909372397647,1.01143559509572,0.74907133062823,0.97438160901886,0.964373742360244,1.98418237968077,0.731627701128009,0.369581708923326,0.752038698388137,0.6216882165778,0.462623521948113,2.58381952145296,0.834619666643701,0.492476485097794
CA_Hu_JHxJN_PJ44_13,0.792060052224905,0.75123805770465,0.673536823983305,1.11803037452521,0.635796496000458,0.730201166636806,1.40516452511131,2.6020033435384,0.915490091190668,0.635796496000458,0.860201265223111,0.792060052224905,0.414765821083437,1.19752516033307,1.36678603494866,1.66752878957881,1.50339105487029,1.31218638896617,0.368257204837538,0.906721280858004,0.619039208406223,0.637909372397647,0,1.42334834719675,0.897255251299972,0.955511445027436,0.89421028398127,NA,0.935901088450796,0.587100322996133,0.966783385578219,0.75123805770465,0.536126678087705,2.56494935746154,0.583947888594953,0.359195969928626
CA_Hu_JHxJN_PJ44_14,2.21540839942166,2.62087350752982,2.58239298696176,NA,2.17692787885359,1.94591014905531,1.23457914640993,1.25276296849537,2.33883843838742,1.48378069829365,1.90885616297845,1.36811053903445,1.52226121886171,2.39772995621561,2.09698720158547,1.06272888948327,1.62745641793678,2.6020033435384,2.25113788141273,2.04238755560297,1.90885616297845,1.01143559509572,1.42334834719675,0,1.25276296849537,1.42334834719675,2.31755863117802,0.81278213489237,1.6661022550876,1.54044504094715,1.7510517734853,1.92772632696988,2.21540839942166,2.6020033435384,0.897255251299972,1.70458277565567
CA_Hu_JHxJN_PJ44_17,1.01143559509572,1.36811053903445,1.07831559018548,1.21570898241851,1.48378069829365,1.38629436111989,1.52226121886171,2.07944154167984,1.64569125782747,0.924164910358225,1.21570898241851,0.962645430926289,0.674963358474508,1.2991176675475,1.55799070085278,1.52226121886171,1.13497993283898,1.09792594676212,0.784800812619302,1.15508436060207,0.491790143191808,0.74907133062823,0.897255251299972,1.25276296849537,0,1.34924037504303,0.882474105888699,1.05790459292536,1.19609862584187,0.72951482473082,1.00383737165508,1.06272888948327,1.23457914640993,1.34924037504303,0.377379792014064,0.962645430926289
CA_Hu_JHxJN_PJ44_18,0.473606321106371,0.792060052224905,0.49764615751964,0.583947888594953,0.840590908646471,0.554310500173142,0.879071429214535,1.90885616297845,0.692346539876458,0.840590908646471,0.619039208406223,0.44375335795669,0.674277016568522,0.568916500910695,0.509335803097443,0.637909372397647,0.810243874310343,0.395895657092014,0.870349148634774,0.773189888233482,0.773189888233482,0.97438160901886,0.955511445027436,1.42334834719675,1.34924037504303,0,0.845420119811838,1.42631571495666,1.09842001794857,1.09792594676212,0.543926534758185,0.712017344551369,0.536126678087705,3.25809653802148,0.815749502652278,0.712017344551369
CA_Hu_JHxJN_PJ44_19,0.612975855522356,0.507615339864529,0.404596298158894,0.999570799639096,0.65145637609042,0.631159677607793,1.07559937747047,2.54070218249223,0.758878750340177,0.779289747600305,0.594105691530932,0.612975855522356,0.650716183505203,0.913080447972694,0.766488373169812,1.26975539191143,1.03662478571596,0.798900104176945,0.577246373531283,0.631846019513779,0.522646727548787,0.964373742360244,0.89421028398127,2.31755863117802,0.882474105888699,0.845420119811838,0,1.54733611070445,0.65145637609042,0.66890000559064,0.671867373350547,0.412305160060204,0.541516891540211,1.58735746454122,0.89421028398127,0.474825517041539
CA_Hu_JHxJN_PJ44_2,3.23694534817614,3.93009252873608,3.19846482760807,3.21807518418471,NA,NA,1.44518587894808,1.17568762858174,NA,2.09985253893996,2.52492800362477,2.83148024006797,1.62750743574204,1.98418237968077,2.01991186167184,1.62750743574204,1.46336970103352,2.1194628955166,2.35638409829305,2.1194628955166,2.1194628955166,1.98418237968077,NA,0.81278213489237,1.05790459292536,1.42631571495666,1.54733611070445,0,2.50531764704813,1.7510517734853,1.92529086185258,2.83148024006797,3.23694534817614,1.83178082306482,1.51332709194629,3.23694534817614
CA_Hu_JHxJN_PJ44_20,0.692406987974728,0.549306144334055,0.616186139423817,0.935901088450796,1.02165124753198,0.833193132152498,1.17791480375643,2.17692787885359,0.672736183299818,0.653926467406664,0.712757537136586,0.772449695648265,1.17791480375643,1.64791843300216,1.68364791499324,1.64791843300216,1.19609862584187,1.04126160410862,0.895190554628967,0.673536823983305,0.673536823983305,0.731627701128009,0.935901088450796,1.6661022550876,1.19609862584187,1.09842001794857,0.65145637609042,2.50531764704813,0,0.790633517733702,0.559407497992815,0.3669845875401,0.654666659991881,2.5453390008849,1.22358316090258,0.654666659991881
CA_Hu_JHxJN_PJ44_21,0.605970486987556,0.74907133062823,0.567489966419492,1.21570898241851,1.07831559018548,0.767255152713667,1.11679611075355,1.82812711339893,0.690179812800038,0.710590810060166,0.897255251299972,0.605970486987556,0.48080734403355,1.23457914640993,1.270308628401,1.1739545245935,0.889857474806,0.852803488729138,0.459378412184674,0.432949643168875,0.491790143191808,0.369581708923326,0.587100322996133,1.54044504094715,0.72951482473082,1.09792594676212,0.66890000559064,1.7510517734853,0.790633517733702,0,0.770222520473574,0.74907133062823,0.674963358474508,1.50339105487029,0.769421879790088,0.674963358474508
CA_Hu_JHxJN_PJ44_22,0.634255662731754,0.752038698388137,0.559407497992815,0.820179911386343,1.0583986641118,0.903753913098097,0.88557009101266,2.15651688159347,0.735706794978741,0.595775142163689,0.510024983082504,0.266530882606436,1.03972077083992,0.985653549569642,0.921299573003732,1.1575038064963,0.770222520473574,0.384861840128498,1.07545025283099,0.61538549874033,0.775728148815509,0.752038698388137,0.966783385578219,1.7510517734853,1.00383737165508,0.543926534758185,0.671867373350547,1.92529086185258,0.559407497992815,0.770222520473574,0,0.374744467246669,0.597888018560879,3.21807518418471,0.966783385578219,0.634255662731754
CA_Hu_JHxJN_PJ44_23,0.587786664902119,0.351397886837889,0.395155464506797,1.07974212467669,0.772449695648265,0.573180664164565,0.897941593205959,2.62087350752982,0.562796698749609,0.261624071882274,0.674277016568522,0.492476485097794,0.993251773010283,1.42403468910274,1.13434177065918,1.15577070250806,1.06272888948327,0.792060052224905,0.623516146893192,0.712017344551369,0.473606321106371,0.6216882165778,0.75123805770465,1.92772632696988,1.06272888948327,0.712017344551369,0.412305160060204,2.83148024006797,0.3669845875401,0.74907133062823,0.374744467246669,0,0.275411979859967,2.1783544133448,0.75123805770465,0.351397886837889
CA_Hu_JHxJN_PJ44_24,0.492476485097794,0.251314428280906,0.3669845875401,0.792060052224905,0.815009310067061,0.396249956005487,0.853489830635125,2.62087350752982,0.374744467246669,0.484767623196484,0.712017344551369,0.405465108108164,0.587786664902119,1.04454506739783,0.728876662551018,1.15577070250806,0.962645430926289,0.602818052586377,0.311141461851039,0.473606321106371,0.504377979773124,0.462623521948113,0.536126678087705,2.21540839942166,1.23457914640993,0.536126678087705,0.541516891540211,3.23694534817614,0.654666659991881,0.674963358474508,0.597888018560879,0.275411979859967,0,3.27696670201291,0.879071429214535,0.182321556793955
CA_Hu_JHxJN_PJ44_3,NA,2.58381952145296,2.5453390008849,NA,NA,3.98829770465829,NA,2.6020033435384,NA,1.85219182032495,2.56494935746154,NA,1.89067234089301,NA,NA,NA,NA,NA,1.8086187872277,2.56494935746154,1.87180217690159,2.58381952145296,2.56494935746154,2.6020033435384,1.34924037504303,3.25809653802148,1.58735746454122,1.83178082306482,2.5453390008849,1.50339105487029,3.21807518418471,2.1783544133448,3.27696670201291,0,1.87180217690159,3.97011388257285
CA_Hu_JHxJN_PJ44_5,0.879071429214535,1.07974212467669,0.887110924281364,1.31218638896617,1.15904463976501,0.992565431104297,1.07974212467669,2.37885979222419,1.13863364250488,0.599428851829583,0.955511445027436,0.75123805770465,0.712017344551369,0.925591444849428,1.11547160666776,0.834619666643701,1.15508436060207,1.06087196068526,0.747746826542441,1.17865499634165,0.517256514096281,0.834619666643701,0.583947888594953,0.897255251299972,0.377379792014064,0.815749502652278,0.89421028398127,1.51332709194629,1.22358316090258,0.769421879790088,0.966783385578219,0.75123805770465,0.879071429214535,1.87180217690159,0,0.674277016568522
CA_Hu_JHxJN_PJ44_8,0.554996842079128,0.405465108108164,0.484767623196484,0.97438160901886,0.73162770112801,0.480807344033551,0.897941593205959,2.21540839942166,0.464356625936356,0.583207696009736,0.602818052586377,0.405465108108164,0.433635985074861,1.04454506739783,0.933671075197031,1.42403468910274,1.06272888948327,0.792060052224905,0.498353003939186,0.504377979773124,0.602818052586377,0.492476485097794,0.359195969928626,1.70458277565567,0.962645430926289,0.712017344551369,0.474825517041539,3.23694534817614,0.654666659991881,0.674963358474508,0.634255662731754,0.351397886837889,0.182321556793955,3.97011388257285,0.674277016568522,0
CA_Hu_JHxJN_PJ44_9,0.730887508542792,0.587786664902119,0.692406987974728,0.879071429214535,1.17791480375643,0.829114038301766,0.993251773010283,1.70458277565567,0.634255662731754,0.45399596452973,0.602818052586377,0.433635985074861,0.993251773010283,1.34992671694902,0.933671075197031,1.21639532432449,1.01143559509572,0.834619666643701,0.933671075197031,0.473606321106371,0.792060052224905,0.730887508542792,1.33105655295759,1.1739545245935,1.36811053903445,0.473606321106371,0.817770268168369,1.73286795139986,0.731627701128009,1.11679611075355,0.752038698388137,0.405465108108164,0.433635985074861,2.58381952145296,0.97438160901886,0.587786664902119
