,CA_Sol_Jai_PJ33_10,CA_Sol_Jai_PJ33_11,CA_Sol_Jai_PJ33_14,CA_Sol_Jai_PJ33_16,CA_Sol_Jai_PJ33_17,CA_Sol_Jai_PJ33_18,CA_Sol_Jai_PJ33_20,CA_Sol_Jai_PJ33_21,CA_Sol_Jai_PJ33_22,CA_Sol_Jai_PJ33_23,CA_Sol_Jai_PJ33_3,CA_Sol_Jai_PJ33_5,CA_Sol_Jai_PJ33_6,CA_Sol_Jai_PJ33_7,CA_Sol_Jai_PJ33_8,CA_Sol_Jai_PJ33_9,CA_Sol_Jai_PJ34_1,CA_Sol_Jai_PJ34_10,CA_Sol_Jai_PJ34_11,CA_Sol_Jai_PJ34_12,CA_Sol_Jai_PJ34_13,CA_Sol_Jai_PJ34_14,CA_Sol_Jai_PJ34_15,CA_Sol_Jai_PJ34_16,CA_Sol_Jai_PJ34_17,CA_Sol_Jai_PJ34_18,CA_Sol_Jai_PJ34_19,CA_Sol_Jai_PJ34_2,CA_Sol_Jai_PJ34_20,CA_Sol_Jai_PJ34_21,CA_Sol_Jai_PJ34_22,CA_Sol_Jai_PJ34_23,CA_Sol_Jai_PJ34_24,CA_Sol_Jai_PJ34_3,CA_Sol_Jai_PJ34_4,CA_Sol_Jai_PJ34_5,CA_Sol_Jai_PJ34_6,CA_Sol_Jai_PJ34_7,CA_Sol_Jai_PJ34_8
CA_Sol_Jai_PJ33_10,0,1.50339105487029,1.13547400402543,0.810243874310343,1.04385872549185,1.28024750355608,0.951854897282468,0.991138896613094,1.92772632696988,1.04385872549185,0.537474832340231,0.972955074527657,1.08452685018476,0.331101188355262,0.852803488729138,0.559700713625648,1.84755500193229,3.2755401675217,1.84755500193229,1.34924037504303,1.74031225764674,2.25113788141273,1.93560050545395,NA,1.88924580640181,2.19653823543023,3.25512917026157,2.02277719902633,2.15651688159347,1.86883480914168,3.25512917026157,1.57079207528328,2.23359222150709,2.58239298696176,NA,2.6020033435384,1.88924580640181,1.75726303348458,2.19653823543023
CA_Sol_Jai_PJ33_11,1.50339105487029,0,1.22358316090258,1.17865499634165,1.64865862558738,1.17865499634165,1.92640182288409,0.954084910536233,1.13690053851663,1.38629436111989,1.38281002646184,1.15904463976501,1.51747649335364,1.29257603238953,1.06087196068526,1.58735746454122,1.18189235643305,3.93163336200479,1.11735383529548,2.15948424935337,2.21408389533587,1.52093671477592,1.89854651937708,1.68571261166424,1.53373808920642,2.34180580614733,0.966783385578219,2.5453390008849,1.02085060684849,1.34627300728312,2.81261007607655,2.5453390008849,1.34924037504303,1.85219182032495,2.15948424935337,1.11803037452521,1.44672671221679,1.53788749061376,1.87180217690159
CA_Sol_Jai_PJ33_14,1.13547400402543,1.22358316090258,0,1.22358316090258,0.796139146075637,0.887110924281364,1.2136442857475,1.25989695439422,1.17791480375643,1.44672671221679,1.20904899005795,1.02165124753198,2.19101331733694,1.20397280432594,1.29257603238953,1.6731076236224,1.30538284349708,2.81341071676004,1.38542555117062,2.13987389277673,1.15301966393107,2.19447353875923,1.87893616280044,3.2755401675217,1.42711635564015,2.32219544957069,1.94570185911271,2.52572864430826,1.58902691517397,1.11902328592824,2.09985253893996,1.71479842809193,1.6661022550876,2.30258509299405,2.13987389277673,1.36668400454325,1.51412773262978,1.70059869083108,2.13987389277673
CA_Sol_Jai_PJ33_16,0.810243874310343,1.17865499634165,1.22358316090258,0,1.17865499634165,0.955511445027436,0.479482839947762,1.44656139563403,0.712017344551369,0.773189888233482,0.648840851381643,1.98572321294947,1.0474728641079,0.673536823983305,1.11803037452521,1.40503590774726,2.09818308830721,NA,2.28050464510116,NA,2.21408389533587,3.31269618400398,2.2350187559983,3.29515052409834,NA,2.56494935746154,2.1194628955166,2.32219544957069,2.1194628955166,3.21807518418471,3.91122236474466,2.13987389277673,2.19653823543023,2.32219544957069,2.56494935746154,3.25809653802148,NA,2.23103467117371,2.56494935746154
CA_Sol_Jai_PJ33_17,1.04385872549185,1.64865862558738,0.796139146075637,1.17865499634165,0,1.11803037452521,0.827789534215978,1.07186794619262,1.07974212467669,1.38629436111989,1.5651315832558,1.22358316090258,1.74062004466785,1.04126160410862,0.906721280858004,1.58735746454122,2.09818308830721,2.5453390008849,2.09818308830721,2.56494935746154,1.70325827156988,2.61954900344403,2.2350187559983,NA,1.62904826901074,2.56494935746154,1.83178082306482,2.5453390008849,2.1194628955166,1.83178082306482,1.96531221568935,1.85219182032495,2.6020033435384,3.93163336200479,1.87180217690159,1.87180217690159,1.85219182032495,2.63649977928187,2.56494935746154
CA_Sol_Jai_PJ33_18,1.28024750355608,1.17865499634165,0.887110924281364,0.955511445027436,1.11803037452521,0,0.914800911205607,1.01124332437618,0.712017344551369,1.17865499634165,0.97734491835368,0.796139146075637,1.11201138524547,0.935901088450796,0.655406852577098,0.845420119811838,1.49204728473689,1.73440878466857,2.09818308830721,1.64865862558738,1.8086187872277,NA,1.44656139563403,2.19653823543023,3.23848618144484,3.95124371858143,1.60863727175061,2.5453390008849,1.60863727175061,2.52492800362477,2.52492800362477,2.13987389277673,1.68571261166424,2.5453390008849,2.00533356952611,3.25809653802148,1.29257603238953,2.63649977928187,1.64865862558738
CA_Sol_Jai_PJ33_20,0.951854897282468,1.92640182288409,1.2136442857475,0.479482839947762,0.827789534215978,0.914800911205607,0,1.25999898479964,0.55897762575562,1.01011109100993,1.08910297817612,1.09586125009112,0.930222253163738,0.585035626325128,1.11547160666776,0.948809929963766,2.55824784239787,2.59993864686739,1.64195711052371,3.31269618400398,1.98100146886658,NA,2.512761953295,3.34975017008084,2.59993864686739,1.92640182288409,2.1740625414991,NA,1.88638046904732,2.57952764960726,2.57952764960726,2.19447353875923,1.74031225764674,NA,1.70325827156988,NA,2.59993864686739,2.69109942526437,1.70325827156988
CA_Sol_Jai_PJ33_21,0.991138896613094,0.954084910536233,1.25989695439422,1.44656139563403,1.07186794619262,1.01124332437618,1.25999898479964,0,0.972955074527657,1.44656139563403,1.27602297631281,1.1857889822405,0.822902778302488,0.689352095926608,0.799934230708975,0.892783749490067,1.48057041439219,2.43855195073587,1.48057041439219,1.89854651937708,1.81961477273506,1.81961477273506,2.35137525716348,2.78289836584115,2.0330868426277,2.2350187559983,2.19499740216153,2.0330868426277,1.31952866480763,1.60721073725941,1.60721073725941,1.62762173451954,2.0897511852812,3.82484631185576,2.2350187559983,1.64723209109618,1.52226121886171,1.8365655485729,1.89854651937708
CA_Sol_Jai_PJ33_22,1.92772632696988,1.13690053851663,1.17791480375643,0.712017344551369,1.07974212467669,0.712017344551369,0.55897762575562,0.972955074527657,0,0.712017344551369,1.17853663913906,1.64791843300216,0.894492771172665,1.11729018193999,1.07974212467669,1.42390607173868,1.96290257247137,2.56420916487632,1.1362239992869,3.97011388257285,1.25212480631557,2.23295405932729,2.47703247130393,2.62087350752982,2.15874405676816,1.33105655295759,1.53219725593771,2.56420916487632,1.62750743574204,1.85065098705625,2.54379816761619,2.15874405676816,1.23457914640993,3.95050352599621,1.57221860977448,3.27696670201291,2.34106561356211,1.73907921139914,1.66752878957881
CA_Sol_Jai_PJ33_23,1.04385872549185,1.38629436111989,1.44672671221679,0.773189888233482,1.38629436111989,1.17865499634165,1.01011109100993,1.44656139563403,0.712017344551369,0,0.689662845901899,1.44672671221679,1.11201138524547,1.15904463976501,0.906721280858004,1.69271798019904,1.69271798019904,3.23848618144484,1.81050101585543,1.64865862558738,1.52093671477592,2.21408389533587,1.44656139563403,2.88968541599018,2.13987389277673,2.15948424935337,2.1194628955166,1.85219182032495,1.60863727175061,2.52492800362477,3.21807518418471,1.85219182032495,1.79107312732207,3.23848618144484,3.25809653802148,2.85263142991332,1.85219182032495,1.72020904740772,2.34180580614733
CA_Sol_Jai_PJ33_3,0.537474832340231,1.38281002646184,1.20904899005795,0.648840851381643,1.5651315832558,0.97734491835368,1.08910297817612,1.27602297631281,1.17853663913906,0.689662845901899,0,0.957734561777039,0.740802270462108,0.515901809498,0.823194238526421,0.973202171147462,2.01465604597562,3.8481063196732,2.01465604597562,1.30276731878831,1.61973122923829,2.13055685300429,1.36303435330244,2.51847630120681,2.2386684072391,2.07595720702179,1.63047074507686,1.54552122667916,2.44140096129319,3.13454814185313,3.13454814185313,1.65088174233698,1.60218556933266,2.46181195855331,3.1745694956899,2.76910438758173,3.15495913911326,1.85982555639034,2.76910438758173
CA_Sol_Jai_PJ33_5,0.972955074527657,1.15904463976501,1.02165124753198,1.98572321294947,1.22358316090258,0.796139146075637,1.09586125009112,1.1857889822405,1.64791843300216,1.44672671221679,0.957734561777039,0,1.16139390015578,0.867500567704723,0.405272837388625,0.734837985029471,1.23127487134336,2.30258509299405,1.56774710796457,1.29257603238953,1.50132635819928,2.19447353875923,1.52226121886171,2.35924943564755,1.51412773262978,2.13987389277673,1.94570185911271,1.96611285637283,1.49371673536965,1.81217046648818,3.19846482760807,1.34707364796661,1.57079207528328,3.2188758248682,2.32219544957069,2.13987389277673,1.6094379124341,1.51827713403712,1.85219182032495
CA_Sol_Jai_PJ33_6,1.08452685018476,1.51747649335364,2.19101331733694,1.0474728641079,1.74062004466785,1.11201138524547,0.930222253163738,0.822902778302488,0.894492771172665,1.11201138524547,0.740802270462108,1.16139390015578,0,0.664957013841892,0.775539148624259,0.763028151747525,1.19381106783998,1.497866136777,1.5615358479653,2.21062367391358,1.30971187486864,2.08290176310212,1.51604995886243,1.65989099508832,2.70183894110293,1.25511222888614,1.58281565517469,2.41415686865115,1.58281565517469,3.78004023251091,1.98828076328286,1.497866136777,1.21805824280928,1.85454108071573,1.62283700901146,2.43376722522779,2.70183894110293,1.58902691517397,1.33515493655968
CA_Sol_Jai_PJ33_7,0.331101188355262,1.29257603238953,1.20397280432594,0.673536823983305,1.04126160410862,0.935901088450796,0.585035626325128,0.689352095926608,1.11729018193999,1.15904463976501,0.515901809498,0.867500567704723,0.664957013841892,0,0.530435980342632,0.574495334954291,1.6731076236224,2.52572864430826,1.56774710796457,1.73440878466857,2.19447353875923,2.19447353875923,2.43855195073587,2.58239298696176,1.71479842809193,2.5453390008849,2.50531764704813,2.81341071676004,1.11902328592824,2.28217409573392,1.94570185911271,1.6094379124341,1.6661022550876,3.2188758248682,1.98572321294947,1.98572321294947,1.71479842809193,1.51827713403712,1.22358316090258
CA_Sol_Jai_PJ33_8,0.852803488729138,1.06087196068526,1.29257603238953,1.11803037452521,0.906721280858004,0.655406852577098,1.11547160666776,0.799934230708975,1.07974212467669,0.906721280858004,0.823194238526421,0.405272837388625,0.775539148624259,0.530435980342632,0,0.754448341606111,1.18189235643305,1.85219182032495,1.94403240847995,1.87180217690159,1.70325827156988,2.21408389533587,1.54187157543835,2.6020033435384,2.13987389277673,3.25809653802148,2.52492800362477,1.98572321294947,1.07800902068844,2.52492800362477,2.1194628955166,1.36668400454325,1.90885616297845,3.93163336200479,1.75401914124521,2.34180580614733,1.29257603238953,1.38373681078651,1.38629436111989
CA_Sol_Jai_PJ33_9,0.559700713625648,1.58735746454122,1.6731076236224,1.40503590774726,1.58735746454122,0.845420119811838,0.948809929963766,0.892783749490067,1.42390607173868,1.69271798019904,0.973202171147462,0.734837985029471,0.763028151747525,0.574495334954291,0.754448341606111,0,2.21920348405499,2.07857273173057,1.74919985480926,1.94403240847995,1.45963555372976,2.1527827342897,1.99139603815818,2.13523707438407,3.17718502039868,1.40503590774726,1.90401105464318,1.92442205190331,1.77047966201866,3.15677402313855,2.75130891503038,1.6731076236224,2.13523707438407,1.6731076236224,2.09818308830721,2.50364819641537,1.30538284349708,1.32243564974034,1.11735383529548
CA_Sol_Jai_PJ34_1,1.84755500193229,1.18189235643305,1.30538284349708,2.09818308830721,2.09818308830721,1.49204728473689,2.55824784239787,1.48057041439219,1.96290257247137,1.69271798019904,2.01465604597562,1.23127487134336,1.19381106783998,1.6731076236224,1.18189235643305,2.21920348405499,0,1.6731076236224,0.93826963859293,0.798900104176945,1.17195348127798,1.45963555372976,1.48057041439219,1.15440782137234,1.56774710796457,1.69271798019904,1.14187100259628,1.79089065927878,0.714426987769343,1.21086387408323,1.54733611070445,0.825809763235198,0.882474105888699,1.23127487134336,2.79133026886715,0.798900104176945,1.38542555117062,0.870450525997282,1.81050101585543
CA_Sol_Jai_PJ34_10,3.2755401675217,3.93163336200479,2.81341071676004,NA,2.5453390008849,1.73440878466857,2.59993864686739,2.43855195073587,2.56420916487632,3.23848618144484,3.8481063196732,2.30258509299405,1.497866136777,2.52572864430826,1.85219182032495,2.07857273173057,1.6731076236224,0,2.07857273173057,1.22358316090258,1.2136442857475,1.68364791499324,1.05225758961598,1.07831559018548,1.83258146374831,1.53373808920642,1.25255467855276,2.12026353620009,2.50531764704813,0.847089570444596,0.756117792238869,1.20397280432594,1.6661022550876,1.42711635564015,1.29257603238953,2.5453390008849,1.27296567581289,1.92374224214529,0.987194382838346
CA_Sol_Jai_PJ34_11,1.84755500193229,1.11735383529548,1.38542555117062,2.28050464510116,2.09818308830721,2.09818308830721,1.64195711052371,1.48057041439219,1.1362239992869,1.81050101585543,2.01465604597562,1.56774710796457,1.5615358479653,1.56774710796457,1.94403240847995,1.74919985480926,0.93826963859293,2.07857273173057,0,1.05672921347904,0.612337693342553,1.05417044562159,1.48057041439219,1.03662478571596,0.92589322179218,0.945503578368821,1.36501455391049,0.979960443062456,0.854188930144502,1.14187100259628,1.65269662636227,0.825809763235198,0.461260640812396,1.09774347871884,1.49204728473689,1.05672921347905,0.92589322179218,1.07112122145943,0.671066732667061
CA_Sol_Jai_PJ34_12,1.34924037504303,2.15948424935337,2.13987389277673,NA,2.56494935746154,1.64865862558738,3.31269618400398,1.89854651937708,3.97011388257285,1.64865862558738,1.30276731878831,1.29257603238953,2.21062367391358,1.73440878466857,1.87180217690159,1.94403240847995,0.798900104176945,1.22358316090258,1.05672921347904,0,1.17263002050771,1.44089400710239,1.13640646733019,0.692460838653959,1.15904463976501,1.64865862558738,0.915490091190668,1.36668400454325,1.42631571495666,1.51332709194629,1.60863727175061,0.564337532018313,0.897255251299972,1.29257603238953,3.25809653802148,0.955511445027436,1.36668400454325,1.1324223825056,1.24319351747922
CA_Sol_Jai_PJ34_13,1.74031225764674,2.21408389533587,1.15301966393107,2.21408389533587,1.70325827156988,1.8086187872277,1.98100146886658,1.81961477273506,1.25212480631557,1.52093671477592,1.61973122923829,1.50132635819928,1.30971187486864,2.19447353875923,1.70325827156988,1.45963555372976,1.17195348127798,1.2136442857475,0.612337693342553,1.17263002050771,0,1.75785791755237,1.06584297035868,0.951854897282468,1.42128365052575,1.11547160666776,1.02138303156071,1.09586125009112,1.88638046904732,1.3267646811119,1.19323328848737,0.895190554628967,0.641699968978629,1.09586125009112,1.23325464232414,2.21408389533587,1.2136442857475,1.30480506414448,0.9613209268405
CA_Sol_Jai_PJ34_14,2.25113788141273,1.52093671477592,2.19447353875923,3.31269618400398,2.61954900344403,NA,NA,1.81961477273506,2.23295405932729,2.21408389533587,2.13055685300429,2.19447353875923,2.08290176310212,2.19447353875923,2.21408389533587,2.1527827342897,1.45963555372976,1.68364791499324,1.05417044562159,1.44089400710239,1.75785791755237,0,0.721002484066948,0.577161447841058,0.654028497812079,0.571856160078777,1.07545025283099,0.489725446520803,1.19323328848737,1.56792673792878,1.3267646811119,1.27818280688507,1.04716507708679,0.808179177639337,1.01011109100993,0.422324426107813,0.808179177639337,0.676196404722105,0.747746826542441
CA_Sol_Jai_PJ34_15,1.93560050545395,1.89854651937708,1.87893616280044,2.2350187559983,2.2350187559983,1.44656139563403,2.512761953295,2.35137525716348,2.47703247130393,1.44656139563403,1.36303435330244,1.52226121886171,1.51604995886243,2.43855195073587,1.54187157543835,1.99139603815818,1.48057041439219,1.05225758961598,1.48057041439219,1.13640646733019,1.06584297035868,0.721002484066948,0,0.549306144334055,1.25989695439422,1.07186794619262,1.09638511349342,0.880407332689317,1.50185022160158,2.01267584536757,1.60721073725941,1.25989695439422,0.991138896613094,1.05225758961598,0.954084910536233,0.799934230708975,1.05225758961598,3.22285990969279,0.900017689265957
CA_Sol_Jai_PJ34_16,NA,1.68571261166424,3.2755401675217,3.29515052409834,NA,2.19653823543023,3.34975017008084,2.78289836584115,2.62087350752982,2.88968541599018,2.51847630120681,2.35924943564755,1.65989099508832,2.58239298696176,2.6020033435384,2.13523707438407,1.15440782137234,1.07831559018548,1.03662478571596,0.692460838653959,0.951854897282468,0.577161447841058,0.549306144334055,0,0.924164910358225,0.692460838653959,1.00383737165508,0.833193132152498,1.38332699335998,2.56198198970163,0.903753913098097,0.972955074527657,0.470003629245736,0.534700143596501,0.897255251299972,0.656093194483084,0.833193132152498,1.28725940423884,0.730201166636806
CA_Sol_Jai_PJ34_17,1.88924580640181,1.53373808920642,1.42711635564015,NA,1.62904826901074,3.23848618144484,2.59993864686739,2.0330868426277,2.15874405676816,2.13987389277673,2.2386684072391,1.51412773262978,2.70183894110293,1.71479842809193,2.13987389277673,3.17718502039868,1.56774710796457,1.83258146374831,0.92589322179218,1.15904463976501,1.42128365052575,0.654028497812079,1.25989695439422,0.924164910358225,0,0.887110924281364,1.81217046648818,0.916290731874155,1.18356180706581,1.32666265070648,1.25255467855276,1.51412773262978,0.833193132152498,1.20397280432594,0.935901088450796,0.712757537136586,0.693147180559945,1.23059506158534,0.887110924281364
CA_Sol_Jai_PJ34_18,2.19653823543023,2.34180580614733,2.32219544957069,2.56494935746154,2.56494935746154,3.95124371858143,1.92640182288409,2.2350187559983,1.33105655295759,2.15948424935337,2.07595720702179,2.13987389277673,1.25511222888614,2.5453390008849,3.25809653802148,1.40503590774726,1.69271798019904,1.53373808920642,0.945503578368821,1.64865862558738,1.11547160666776,0.571856160078777,1.07186794619262,0.692460838653959,0.887110924281364,0,1.2721650351294,0.840590908646471,1.71399778740844,2.30178445231056,1.96531221568935,1.85219182032495,0.810243874310343,0.712757537136586,0.583947888594953,1.11803037452521,1.04126160410862,0.931751687043448,1.00680473941499
CA_Sol_Jai_PJ34_19,3.25512917026157,0.966783385578219,1.94570185911271,2.1194628955166,1.83178082306482,1.60863727175061,2.1740625414991,2.19499740216153,1.53219725593771,2.1194628955166,1.63047074507686,1.94570185911271,1.58281565517469,2.50531764704813,2.52492800362477,1.90401105464318,1.14187100259628,1.25255467855276,1.36501455391049,0.915490091190668,1.02138303156071,1.07545025283099,1.09638511349342,1.00383737165508,1.81217046648818,1.2721650351294,0,1.94570185911271,1.67397643357167,1.23214368129263,1.92529086185258,1.0583986641118,1.24022614971931,1.94570185911271,1.60863727175061,1.02085060684849,2.50531764704813,0.89173033320668,1.34627300728312
CA_Sol_Jai_PJ34_2,2.02277719902633,2.5453390008849,2.52572864430826,2.32219544957069,2.5453390008849,2.5453390008849,NA,2.0330868426277,2.56420916487632,1.85219182032495,1.54552122667916,1.96611285637283,2.41415686865115,2.81341071676004,1.98572321294947,1.92442205190331,1.79089065927878,2.12026353620009,0.979960443062456,1.36668400454325,1.09586125009112,0.489725446520803,0.880407332689317,0.833193132152498,0.916290731874155,0.840590908646471,1.94570185911271,0,1.49371673536965,1.81217046648818,1.11902328592824,1.20397280432594,0.972955074527657,0.693147180559945,0.987194382838346,1.15904463976501,0.82098055206983,1.36412645420986,0.935901088450796
CA_Sol_Jai_PJ34_20,2.15651688159347,1.02085060684849,1.58902691517397,2.1194628955166,2.1194628955166,1.60863727175061,1.88638046904732,1.31952866480763,1.62750743574204,1.60863727175061,2.44140096129319,1.49371673536965,1.58281565517469,1.11902328592824,1.07800902068844,1.77047966201866,0.714426987769343,2.50531764704813,0.854188930144502,1.42631571495666,1.88638046904732,1.19323328848737,1.50185022160158,1.38332699335998,1.18356180706581,1.71399778740844,1.67397643357167,1.49371673536965,0,1.30625165344635,1.92529086185258,1.0583986641118,1.05790459292536,1.49371673536965,1.60863727175061,0.775728148815509,0.559407497992815,0.724676248543514,0.61538549874033
CA_Sol_Jai_PJ34_21,1.86883480914168,1.34627300728312,1.11902328592824,3.21807518418471,1.83178082306482,2.52492800362477,2.57952764960726,1.60721073725941,1.85065098705625,2.52492800362477,3.13454814185313,1.81217046648818,3.78004023251091,2.28217409573392,2.52492800362477,3.15677402313855,1.21086387408323,0.847089570444596,1.14187100259628,1.51332709194629,1.3267646811119,1.56792673792878,2.01267584536757,2.56198198970163,1.32666265070648,2.30178445231056,1.23214368129263,1.81217046648818,1.30625165344635,0,1.30625165344635,1.00124025027185,1.7510517734853,2.09985253893996,1.71399778740844,1.51332709194629,1.6943874308318,1.21018406432521,1.96531221568935
CA_Sol_Jai_PJ34_22,3.25512917026157,2.81261007607655,2.09985253893996,3.91122236474466,1.96531221568935,2.52492800362477,2.57952764960726,1.60721073725941,2.54379816761619,3.21807518418471,3.13454814185313,3.19846482760807,1.98828076328286,1.94570185911271,2.1194628955166,2.75130891503038,1.54733611070445,0.756117792238869,1.65269662636227,1.60863727175061,1.19323328848737,1.3267646811119,1.60721073725941,0.903753913098097,1.25255467855276,1.96531221568935,1.92529086185258,1.11902328592824,1.92529086185258,1.30625165344635,0,1.25255467855276,1.46336970103352,1.58902691517397,1.42631571495666,1.83178082306482,1.18356180706581,1.90333124488516,1.2721650351294
CA_Sol_Jai_PJ34_23,1.57079207528328,2.5453390008849,1.71479842809193,2.13987389277673,1.85219182032495,2.13987389277673,2.19447353875923,1.62762173451954,2.15874405676816,1.85219182032495,1.65088174233698,1.34707364796661,1.497866136777,1.6094379124341,1.36668400454325,1.6731076236224,0.825809763235198,1.20397280432594,0.825809763235198,0.564337532018313,0.895190554628967,1.27818280688507,1.25989695439422,0.972955074527657,1.51412773262978,1.85219182032495,1.0583986641118,1.20397280432594,1.0583986641118,1.00124025027185,1.25255467855276,0,1.40373799062011,1.71479842809193,1.98572321294947,1.04126160410862,1.13943428318836,0.67097927364992,1.09842001794857
CA_Sol_Jai_PJ34_24,2.23359222150709,1.34924037504303,1.6661022550876,2.19653823543023,2.6020033435384,1.68571261166424,1.74031225764674,2.0897511852812,1.23457914640993,1.79107312732207,1.60218556933266,1.57079207528328,1.21805824280928,1.6661022550876,1.90885616297845,2.13523707438407,0.882474105888699,1.6661022550876,0.461260640812396,0.897255251299972,0.641699968978629,1.04716507708679,0.991138896613094,0.470003629245736,0.833193132152498,0.810243874310343,1.24022614971931,0.972955074527657,1.05790459292536,1.7510517734853,1.46336970103352,1.40373799062011,0,0.749811523213447,1.04385872549185,1.34924037504303,1.13547400402543,1.57494147669062,0.730201166636806
CA_Sol_Jai_PJ34_3,2.58239298696176,1.85219182032495,2.30258509299405,2.32219544957069,3.93163336200479,2.5453390008849,NA,3.82484631185576,3.95050352599621,3.23848618144484,2.46181195855331,3.2188758248682,1.85454108071573,3.2188758248682,3.93163336200479,1.6731076236224,1.23127487134336,1.42711635564015,1.09774347871884,1.29257603238953,1.09586125009112,0.808179177639337,1.05225758961598,0.534700143596501,1.20397280432594,0.712757537136586,1.94570185911271,0.693147180559945,1.49371673536965,2.09985253893996,1.58902691517397,1.71479842809193,0.749811523213447,0,0.987194382838346,0.887110924281364,0.82098055206983,1.36412645420986,1.04126160410862
CA_Sol_Jai_PJ34_4,NA,2.15948424935337,2.13987389277673,2.56494935746154,1.87180217690159,2.00533356952611,1.70325827156988,2.2350187559983,1.57221860977448,3.25809653802148,3.1745694956899,2.32219544957069,1.62283700901146,1.98572321294947,1.75401914124521,2.09818308830721,2.79133026886715,1.29257603238953,1.49204728473689,3.25809653802148,1.23325464232414,1.01011109100993,0.954084910536233,0.897255251299972,0.935901088450796,0.583947888594953,1.60863727175061,0.987194382838346,1.60863727175061,1.71399778740844,1.42631571495666,1.98572321294947,1.04385872549185,0.987194382838346,0,1.46633706879343,1.04126160410862,1.72020904740772,0.860201265223111
CA_Sol_Jai_PJ34_5,2.6020033435384,1.11803037452521,1.36668400454325,3.25809653802148,1.87180217690159,3.25809653802148,NA,1.64723209109618,3.27696670201291,2.85263142991332,2.76910438758173,2.13987389277673,2.43376722522779,1.98572321294947,2.34180580614733,2.50364819641537,0.798900104176945,2.5453390008849,1.05672921347905,0.955511445027436,2.21408389533587,0.422324426107813,0.799934230708975,0.656093194483084,0.712757537136586,1.11803037452521,1.02085060684849,1.15904463976501,0.775728148815509,1.51332709194629,1.83178082306482,1.04126160410862,1.34924037504303,0.887110924281364,1.46633706879343,0,0.935901088450796,0.844740310053818,1.00680473941499
CA_Sol_Jai_PJ34_6,1.88924580640181,1.44672671221679,1.51412773262978,NA,1.85219182032495,1.29257603238953,2.59993864686739,1.52226121886171,2.34106561356211,1.85219182032495,3.15495913911326,1.6094379124341,2.70183894110293,1.71479842809193,1.29257603238953,1.30538284349708,1.38542555117062,1.27296567581289,0.92589322179218,1.36668400454325,1.2136442857475,0.808179177639337,1.05225758961598,0.833193132152498,0.693147180559945,1.04126160410862,2.50531764704813,0.82098055206983,0.559407497992815,1.6943874308318,1.18356180706581,1.13943428318836,1.13547400402543,0.82098055206983,1.04126160410862,0.935901088450796,0,0.912141330466808,0.46589745920506
CA_Sol_Jai_PJ34_7,1.75726303348458,1.53788749061376,1.70059869083108,2.23103467117371,2.63649977928187,2.63649977928187,2.69109942526437,1.8365655485729,1.73907921139914,1.72020904740772,1.85982555639034,1.51827713403712,1.58902691517397,1.51827713403712,1.38373681078651,1.32243564974034,0.870450525997282,1.92374224214529,1.07112122145943,1.1324223825056,1.30480506414448,0.676196404722105,3.22285990969279,1.28725940423884,1.23059506158534,0.931751687043448,0.89173033320668,1.36412645420986,0.724676248543514,1.21018406432521,1.90333124488516,0.67097927364992,1.57494147669062,1.36412645420986,1.72020904740772,0.844740310053818,0.912141330466808,0,1.02706186684777
CA_Sol_Jai_PJ34_8,2.19653823543023,1.87180217690159,2.13987389277673,2.56494935746154,2.56494935746154,1.64865862558738,1.70325827156988,1.89854651937708,1.66752878957881,2.34180580614733,2.76910438758173,1.85219182032495,1.33515493655968,1.22358316090258,1.38629436111989,1.11735383529548,1.81050101585543,0.987194382838346,0.671066732667061,1.24319351747922,0.9613209268405,0.747746826542441,0.900017689265957,0.730201166636806,0.887110924281364,1.00680473941499,1.34627300728312,0.935901088450796,0.61538549874033,1.96531221568935,1.2721650351294,1.09842001794857,0.730201166636806,1.04126160410862,0.860201265223111,1.00680473941499,0.46589745920506,1.02706186684777,0
CA_Sol_Jai_PJ34_9,1.88924580640181,1.98572321294947,0.967584026261706,2.83302107333668,1.62904826901074,1.62904826901074,2.59993864686739,2.72623402318765,2.15874405676816,1.85219182032495,1.65088174233698,1.07880966137193,1.72100968809121,2.52572864430826,1.44672671221679,1.92442205190331,1.6731076236224,1.13943428318836,1.56774710796457,1.53373808920642,1.2136442857475,1.78900843065106,1.25989695439422,2.17692787885359,1.83258146374831,1.53373808920642,1.58902691517397,1.6094379124341,1.40670535838002,0.800569554809702,1.49371673536965,1.42711635564015,2.02277719902633,3.91202300542815,1.44672671221679,2.5453390008849,1.71479842809193,1.51827713403712,1.44672671221679
