,AZ_Co_JMa_PJ83_1,AZ_Co_JMa_PJ83_10,AZ_Co_JMa_PJ83_11,AZ_Co_JMa_PJ83_12,AZ_Co_JMa_PJ83_2,AZ_Co_JMa_PJ83_3,AZ_Co_JMa_PJ83_4,AZ_Co_JMa_PJ83_5,AZ_Co_JMa_PJ83_6,AZ_Co_JMa_PJ83_7,AZ_Co_JMa_PJ83_8,AZ_Co_JMa_PJ83_9,AZ_Co_JMa_PJ84_1,AZ_Co_JMa_PJ84_11,AZ_Co_JMa_PJ84_2,AZ_Co_JMa_PJ84_3,AZ_Co_JMa_PJ84_4,AZ_Co_JMa_PJ84_6,AZ_Co_JMa_PJ84_7,AZ_Co_JMa_PJ84_8
AZ_Co_JMa_PJ83_1,0,1.7221284355613,1.42128365052575,2.59993864686739,1.52093671477592,1.09586125009112,0.802346472524937,1.01011109100993,1.52093671477592,1.38565619894009,1.27818280688507,0.990500734433292,0.827789534215978,1.7221284355613,1.50132635819928,1.64195711052371,1.25212480631557,1.76859743339094,1.90679146630745,1.96345580896095
AZ_Co_JMa_PJ83_10,1.7221284355613,0,1.06013176810005,0.954771252442219,1.33105655295759,1.64791843300216,1.25212480631557,1.77288930523663,1.66752878957881,1.68639895357023,0.954771252442219,0.772449695648265,1.13690053851663,1.34992671694902,1.64791843300216,1.01844096363052,1.28093384546206,1.1575038064963,1.38555416853467,1.70458277565567
AZ_Co_JMa_PJ83_11,1.42128365052575,1.06013176810005,0,0.7339691750802,0.712757537136586,1.02165124753198,0.654028497812079,1.29257603238953,3.23848618144484,1.17791480375643,1.34707364796661,1.27296567581289,0.635796496000458,0.45399596452973,1.83258146374831,1.16228199985641,1.38555416853467,0.756117792238869,1.02165124753198,2.02277719902633
AZ_Co_JMa_PJ83_12,2.59993864686739,0.954771252442219,0.7339691750802,0,1.04126160410862,1.83258146374831,0.895190554628967,1.09842001794857,1.73440878466857,1.06013176810005,1.27296567581289,1.71479842809193,0.935901088450796,0.654666659991881,1.96611285637283,0.92589322179218,0.954771252442219,0.490414626505863,0.82098055206983,1.13547400402543
AZ_Co_JMa_PJ83_2,1.52093671477592,1.33105655295759,0.712757537136586,1.04126160410862,0,1.09842001794857,1.01011109100993,1.46633706879343,1.64865862558738,1.77288930523663,1.44672671221679,1.85219182032495,1.17865499634165,0.97438160901886,1.44672671221679,1.40503590774726,1.33105655295759,1.42631571495666,1.22358316090258,1.68571261166424
AZ_Co_JMa_PJ83_3,1.09586125009112,1.64791843300216,1.02165124753198,1.83258146374831,1.09842001794857,0,0.850738792058133,1.04126160410862,2.13987389277673,1.38555416853467,1.51412773262978,1.6094379124341,1.04126160410862,1.31144619638095,2.12026353620009,1.92442205190331,2.8518912373281,1.58902691517397,1.83258146374831,1.88924580640181
AZ_Co_JMa_PJ83_4,0.802346472524937,1.25212480631557,0.654028497812079,0.895190554628967,1.01011109100993,0.850738792058133,0,0.9613209268405,1.92640182288409,1.25212480631557,1.42128365052575,1.50132635819928,0.394925451919699,0.692509018380143,1.50132635819928,1.00010322435132,1.38565619894009,0.707725472705673,1.04179402882084,1.40384002102553
AZ_Co_JMa_PJ83_5,1.01011109100993,1.77288930523663,1.29257603238953,1.09842001794857,1.46633706879343,1.04126160410862,0.9613209268405,0,1.00680473941499,1.13690053851663,1.15904463976501,1.73440878466857,1.24319351747922,1.33105655295759,1.36668400454325,1.32499320007372,0.879071429214535,0.733168534396713,1.04126160410862,1.68571261166424
AZ_Co_JMa_PJ83_6,1.52093671477592,1.66752878957881,3.23848618144484,1.73440878466857,1.64865862558738,2.13987389277673,1.92640182288409,1.00680473941499,0,0.792060052224905,0.673536823983305,2.5453390008849,1.87180217690159,2.58381952145296,0.796139146075637,0.798900104176945,1.48520723278485,1.60863727175061,1.15904463976501,1.34924037504303
AZ_Co_JMa_PJ83_7,1.38565619894009,1.68639895357023,1.17791480375643,1.06013176810005,1.77288930523663,1.38555416853467,1.25212480631557,1.13690053851663,0.792060052224905,0,0.772449695648265,1.06013176810005,0.75123805770465,0.993251773010283,1.242453324894,1.26975539191143,1.50407739677627,0.839050075377767,1.55260825319784,1.11679611075355
AZ_Co_JMa_PJ83_8,1.27818280688507,0.954771252442219,1.34707364796661,1.27296567581289,1.44672671221679,1.51412773262978,1.42128365052575,1.15904463976501,0.673536823983305,0.772449695648265,0,1.07880966137193,1.36668400454325,1.31144619638095,1.02165124753198,0.979960443062456,1.55260825319784,1.11902328592824,0.916290731874155,1.88924580640181
AZ_Co_JMa_PJ83_9,0.990500734433292,0.772449695648265,1.27296567581289,1.71479842809193,1.85219182032495,1.6094379124341,1.50132635819928,1.73440878466857,2.5453390008849,1.06013176810005,1.07880966137193,0,1.04126160410862,1.64791843300216,1.6094379124341,2.48403783983873,1.38555416853467,1.25255467855276,NA,1.57079207528328
AZ_Co_JMa_PJ84_1,0.827789534215978,1.13690053851663,0.635796496000458,0.935901088450796,1.17865499634165,1.04126160410862,0.394925451919699,1.24319351747922,1.87180217690159,0.75123805770465,1.36668400454325,1.04126160410862,0,0.834619666643701,1.73440878466857,0.798900104176945,1.13690053851663,0.866699927021236,1.22358316090258,1.21570898241851
AZ_Co_JMa_PJ84_11,1.7221284355613,1.34992671694902,0.45399596452973,0.654666659991881,0.97438160901886,1.31144619638095,0.692509018380143,1.33105655295759,2.58381952145296,0.993251773010283,1.31144619638095,1.64791843300216,0.834619666643701,0,1.87106198431637,1.01844096363052,1.09861228866811,0.88557009101266,0.73162770112801,1.52226121886171
AZ_Co_JMa_PJ84_2,1.50132635819928,1.64791843300216,1.83258146374831,1.96611285637283,1.44672671221679,2.12026353620009,1.50132635819928,1.36668400454325,0.796139146075637,1.242453324894,1.02165124753198,1.6094379124341,1.73440878466857,1.87106198431637,0,0.979960443062456,1.75327894865999,1.18356180706581,1.6094379124341,1.40373799062011
AZ_Co_JMa_PJ84_3,1.64195711052371,1.01844096363052,1.16228199985641,0.92589322179218,1.40503590774726,1.92442205190331,1.00010322435132,1.32499320007372,0.798900104176945,1.26975539191143,0.979960443062456,2.48403783983873,0.798900104176945,1.01844096363052,0.979960443062456,0,1.34386336406515,0.959549445802328,0.734837985029471,2.13523707438407
AZ_Co_JMa_PJ84_4,1.25212480631557,1.28093384546206,1.38555416853467,0.954771252442219,1.33105655295759,2.8518912373281,1.38565619894009,0.879071429214535,1.48520723278485,1.50407739677627,1.55260825319784,1.38555416853467,1.13690053851663,1.09861228866811,1.75327894865999,1.34386336406515,0,0.752038698388137,1.55260825319784,0.605970486987556
AZ_Co_JMa_PJ84_6,1.76859743339094,1.1575038064963,0.756117792238869,0.490414626505863,1.42631571495666,1.58902691517397,0.707725472705673,0.733168534396713,1.60863727175061,0.839050075377767,1.11902328592824,1.25255467855276,0.866699927021236,0.88557009101266,1.18356180706581,0.959549445802328,0.752038698388137,0,1.00124025027185,1.1150630067653
AZ_Co_JMa_PJ84_7,1.90679146630745,1.38555416853467,1.02165124753198,0.82098055206983,1.22358316090258,1.83258146374831,1.04179402882084,1.04126160410862,1.15904463976501,1.55260825319784,0.916290731874155,NA,1.22358316090258,0.73162770112801,1.6094379124341,0.734837985029471,1.55260825319784,1.00124025027185,0,1.88924580640181
AZ_Co_JMa_PJ84_8,1.96345580896095,1.70458277565567,2.02277719902633,1.13547400402543,1.68571261166424,1.88924580640181,1.40384002102553,1.68571261166424,1.34924037504303,1.11679611075355,1.88924580640181,1.57079207528328,1.21570898241851,1.52226121886171,1.40373799062011,2.13523707438407,0.605970486987556,1.1150630067653,1.88924580640181,0
AZ_Co_JMa_PJ84_9,1.70325827156988,1.40516452511131,1.62904826901074,1.62904826901074,1.87180217690159,3.23848618144484,2.61954900344403,2.15948424935337,1.75401914124521,1.02567490340641,1.73440878466857,1.22358316090258,1.87180217690159,1.66752878957881,1.62904826901074,NA,1.40516452511131,1.07800902068844,3.23848618144484,1.28024750355608
