,NM_Li_JMa_PJ87_1,NM_Li_JMa_PJ87_11,NM_Li_JMa_PJ87_12,NM_Li_JMa_PJ87_2,NM_Li_JMa_PJ87_3,NM_Li_JMa_PJ87_4,NM_Li_JMa_PJ87_5,NM_Li_JMa_PJ87_6,NM_Li_JMa_PJ87_7,NM_Li_JMa_PJ87_8,NM_Li_JMa_PJ87_9,NM_Li_JMa_PJ88_1,NM_Li_JMa_PJ88_11,NM_Li_JMa_PJ88_12,NM_Li_JMa_PJ88_2,NM_Li_JMa_PJ88_3,NM_Li_JMa_PJ88_4,NM_Li_JMa_PJ88_5,NM_Li_JMa_PJ88_6,NM_Li_JMa_PJ88_7,NM_Li_JMa_PJ88_8
NM_Li_JMa_PJ87_1,0,1.26907558215341,1.0459320308392,0.65865074481647,0.339724168100892,0.49387484792815,0.405465108108164,0.950621851034872,0.968805673120309,1.57494147669062,2.69109942526437,0.476329188022515,0.640466922731032,0.594112223678899,0.69058963022656,0.422261966752239,0.640466922731032,0.533487601862464,0.724676248543514,1.28725940423884,1.1324223825056
NM_Li_JMa_PJ87_11,1.26907558215341,0,0.405465108108164,1.36811053903445,1.53980687876735,1.08027454938891,1.0459320308392,0.65677953638907,0.74907133062823,0.573180664164565,2.63841916743546,0.74907133062823,0.587786664902119,0.674963358474508,0.792060052224905,1.06272888948327,0.853489830635125,1.70458277565567,0.985653549569642,0.639872038663238,0.792060052224905
NM_Li_JMa_PJ87_12,1.0459320308392,0.405465108108164,0,0.916125415291396,1.25212480631557,1.62681825575698,0.950621851034872,0.462623521948113,0.480807344033551,0.480807344033551,2.63841916743546,0.74907133062823,0.462623521948113,0.343606222520065,0.602818052586377,1.11679611075355,1.21639532432449,0.962645430926289,0.711216703867882,0.343606222520065,0.359195969928626
NM_Li_JMa_PJ87_2,0.65865074481647,1.36811053903445,0.916125415291396,0,0.305227732357416,0.67560152065431,0.65865074481647,1.36811053903445,0.559615787935423,0.847297860387204,2.25113788141273,0.847297860387204,1.70458277565567,0.624154309072994,0.324736058528642,0.498991166118988,0.674963358474508,0.241162056816888,0.580980520835046,0.806475865866949,1.15508436060207
NM_Li_JMa_PJ87_3,0.339724168100892,1.53980687876735,1.25212480631557,0.305227732357416,0,0.534082485930258,0.551033261768099,1.25212480631557,0.784800812619302,1.74031225764674,1.75785791755237,0.784800812619302,1.38565619894009,0.641699968978629,0.747746826542441,0.459378412184674,0.441194590099237,0.405311190914398,0.830327794798005,0.998374912917361,1.92640182288409
NM_Li_JMa_PJ87_4,0.49387484792815,1.08027454938891,1.62681825575698,0.67560152065431,0.534082485930258,0,0.611657883584534,1.08027454938891,0.998374912917361,1.84567277330456,2.26868354131836,0.577161447841058,1.02898125500136,0.864843520292839,1.11547160666776,0.379335704511138,0.287043910271979,0.608910146155638,0.746946185858954,1.96345580896095,1.60794809176555
NM_Li_JMa_PJ87_5,0.405465108108164,1.0459320308392,0.950621851034872,0.65865074481647,0.551033261768099,0.611657883584534,0,0.640466922731032,0.533487601862464,1.06411585292463,NA,0.370968672364689,0.709459794217984,0.881794296130679,0.621596758739609,0.65865074481647,0.303994686109819,0.322178508195257,0.650568276389792,1.06411585292463,1.25020541816198
NM_Li_JMa_PJ87_6,0.950621851034872,0.65677953638907,0.462623521948113,1.36811053903445,1.25212480631557,1.08027454938891,0.640466922731032,0,0.916125415291396,0.962645430926289,NA,0.48080734403355,0.6216882165778,0.48080734403355,0.75123805770465,0.711331002645383,0.693147180559945,0.74907133062823,0.597888018560879,0.74907133062823,0.925591444849428
NM_Li_JMa_PJ87_7,0.968805673120309,0.74907133062823,0.480807344033551,0.559615787935423,0.784800812619302,0.998374912917361,0.533487601862464,0.916125415291396,0,0.441832752279039,3.34975017008084,0.624154309072994,0.674963358474508,1.13497993283898,0.621001874671814,1.13497993283898,0.74907133062823,0.441832752279039,0.514289146336374,0.311779624030841,0.491790143191808
NM_Li_JMa_PJ87_8,1.57494147669062,0.573180664164565,0.480807344033551,0.847297860387204,1.74031225764674,1.84567277330456,1.06411585292463,0.962645430926289,0.441832752279039,0,2.65660298952089,0.806475865866949,0.423648930193602,1.13497993283898,0.621001874671814,1.7227665977411,1.52226121886171,0.934309237376833,0.81278213489237,0.559615787935423,0.621001874671814
NM_Li_JMa_PJ87_9,2.69109942526437,2.63841916743546,2.63841916743546,2.25113788141273,1.75785791755237,2.26868354131836,NA,NA,3.34975017008084,2.65660298952089,0,NA,2.63841916743546,1.96345580896095,NA,2.65660298952089,2.23295405932729,2.25113788141273,2.57952764960726,2.25113788141273,1.92640182288409
NM_Li_JMa_PJ88_1,0.476329188022515,0.74907133062823,0.74907133062823,0.847297860387204,0.784800812619302,0.577161447841058,0.370968672364689,0.48080734403355,0.624154309072994,0.806475865866949,NA,0,0.510660307183232,0.934309237376833,0.491790143191808,0.470003629245736,0.510660307183232,0.498991166118988,0.310690191095134,0.934309237376833,0.992565431104297
NM_Li_JMa_PJ88_11,0.640466922731032,0.587786664902119,0.462623521948113,1.70458277565567,1.38565619894009,1.02898125500136,0.709459794217984,0.6216882165778,0.674963358474508,0.423648930193602,2.63841916743546,0.510660307183232,0,0.829114038301766,1.07974212467669,1.01143559509572,1.09861228866811,1.01143559509572,0.794598312806933,0.605970486987557,0.536126678087705
NM_Li_JMa_PJ88_12,0.594112223678899,0.674963358474508,0.343606222520065,0.624154309072994,0.641699968978629,0.864843520292839,0.881794296130679,0.48080734403355,1.13497993283898,1.13497993283898,1.96345580896095,0.934309237376833,0.829114038301766,0,0.656093194483084,0.693147180559945,0.74907133062823,0.847297860387204,0.952544077267529,0.806475865866949,0.730201166636806
NM_Li_JMa_PJ88_2,0.69058963022656,0.792060052224905,0.602818052586377,0.324736058528642,0.747746826542441,1.11547160666776,0.621596758739609,0.75123805770465,0.621001874671814,0.621001874671814,NA,0.491790143191808,1.07974212467669,0.656093194483084,0,0.656093194483084,0.75123805770465,0.377379792014064,0.273636205018273,0.692460838653959,0.906721280858004
NM_Li_JMa_PJ88_3,0.422261966752239,1.06272888948327,1.11679611075355,0.498991166118988,0.459378412184674,0.379335704511138,0.65865074481647,0.711331002645383,1.13497993283898,1.7227665977411,2.65660298952089,0.470003629245736,1.01143559509572,0.693147180559945,0.656093194483084,0,0.423648930193602,0.441832752279039,0.652439484817191,1.13497993283898,1.59040243185992
NM_Li_JMa_PJ88_4,0.640466922731032,0.853489830635125,1.21639532432449,0.674963358474508,0.441194590099237,0.287043910271979,0.303994686109819,0.693147180559945,0.74907133062823,1.52226121886171,2.23295405932729,0.510660307183232,1.09861228866811,0.74907133062823,0.75123805770465,0.423648930193602,0,0.369581708923326,0.6719959907146,1.2991176675475,1.77288930523663
NM_Li_JMa_PJ88_5,0.533487601862464,1.70458277565567,0.962645430926289,0.241162056816888,0.405311190914398,0.608910146155638,0.322178508195257,0.74907133062823,0.441832752279039,0.934309237376833,2.25113788141273,0.498991166118988,1.01143559509572,0.847297860387204,0.377379792014064,0.441832752279039,0.369581708923326,0,0.392928289332106,0.693147180559945,0.943775266934865
NM_Li_JMa_PJ88_6,0.724676248543514,0.985653549569642,0.711216703867882,0.580980520835046,0.830327794798005,0.746946185858954,0.650568276389792,0.597888018560879,0.514289146336374,0.81278213489237,2.57952764960726,0.310690191095134,0.794598312806933,0.952544077267529,0.273636205018273,0.652439484817191,0.6719959907146,0.392928289332106,0,0.547078969159365,0.692346539876458
NM_Li_JMa_PJ88_7,1.28725940423884,0.639872038663238,0.343606222520065,0.806475865866949,0.998374912917361,1.96345580896095,1.06411585292463,0.74907133062823,0.311779624030841,0.559615787935423,2.25113788141273,0.934309237376833,0.605970486987557,0.806475865866949,0.692460838653959,1.13497993283898,1.2991176675475,0.693147180559945,0.547078969159365,0,0.299418250544352
NM_Li_JMa_PJ88_8,1.1324223825056,0.792060052224905,0.359195969928626,1.15508436060207,1.92640182288409,1.60794809176555,1.25020541816198,0.925591444849428,0.491790143191808,0.621001874671814,1.92640182288409,0.992565431104297,0.536126678087705,0.730201166636806,0.906721280858004,1.59040243185992,1.77288930523663,0.943775266934865,0.692346539876458,0.299418250544352,0
NM_Li_JMa_PJ88_9,1.75726303348458,4.00716786864971,1.70458277565567,2.63905732961526,2.65660298952089,2.65660298952089,2.26808865725057,1.92772632696988,2.63905732961526,2.63905732961526,0.784800812619302,2.63905732961526,1.80994329131349,1.7227665977411,2.19653823543023,NA,NA,2.23359222150709,1.64569125782747,2.23359222150709,1.68571261166424
