,AZ_GM50_1,AZ_GM50_11,AZ_GM50_3,AZ_GM50_4,AZ_GM50_5,AZ_GM50_6
AZ_GM50_1,0,1.16315081,1.16315081,2.079441542,0.207639365,1.16315081
AZ_GM50_11,1.16315081,0,1.673976434,1.673976434,0.826678573,0.287682072
AZ_GM50_3,1.16315081,1.673976434,0,0.693147181,1.16315081,2.079441542
AZ_GM50_4,2.079441542,1.673976434,0.693147181,0,1.673976434,2.079441542
AZ_GM50_5,0.207639365,0.826678573,1.16315081,1.673976434,0,0.693147181
AZ_GM50_6,1.16315081,0.287682072,2.079441542,2.079441542,0.693147181,0
