,CA_LA_JC_PJ95_1,CA_LA_JC_PJ95_10,CA_LA_JC_PJ95_11,CA_LA_JC_PJ95_12,CA_LA_JC_PJ95_2,CA_LA_JC_PJ95_3,CA_LA_JC_PJ95_4,CA_LA_JC_PJ95_5,CA_LA_JC_PJ95_9,CA_LA_JC_PJ96_1,CA_LA_JC_PJ96_10,CA_LA_JC_PJ96_11,CA_LA_JC_PJ96_12,CA_LA_JC_PJ96_2,CA_LA_JC_PJ96_3,CA_LA_JC_PJ96_4,CA_LA_JC_PJ96_5,CA_LA_JC_PJ96_6
CA_LA_JC_PJ95_1,0,0.712017344551369,1.15904463976501,0.692460838653959,0.294047202278401,0.673638854388719,0.773189888233482,1.17865499634165,0.925591444849428,0.355874303255245,0.655406852577098,0.753579531656841,0.796139146075637,0.61538549874033,0.815749502652278,1.40503590774726,1.22358316090258,2.52492800362477
CA_LA_JC_PJ95_10,0.712017344551369,0,1.17791480375643,0.962645430926289,0.954771252442219,0.623516146893192,1.02567490340641,2.36067597013875,1.90954250488444,0.934360255182092,0.75123805770465,0.954771252442219,1.17791480375643,0.88557009101266,0.879071429214535,1.51091744872831,2.56420916487632,1.85065098705625
CA_LA_JC_PJ95_11,1.15904463976501,1.17791480375643,0,0.567489966419492,1.6094379124341,0.94171057026386,0.935901088450796,1.29257603238953,1.31144619638095,1.32666265070648,0.753579531656841,0.653926467406664,0.776528789498996,1.11902328592824,0.530435980342632,0.979960443062456,1.6094379124341,2.28217409573392
CA_LA_JC_PJ95_12,0.692460838653959,0.962645430926289,0.567489966419492,0,0.672850482077319,1.04716507708679,0.852803488729138,1.28024750355608,1.36811053903445,0.770222520473574,0.621001874671814,0.357769435437423,0.924164910358225,1.1150630067653,0.621001874671814,1.28793921399686,1.32963001846639,2.56198198970163
CA_LA_JC_PJ95_2,0.294047202278401,0.954771252442219,1.6094379124341,0.672850482077319,0,0.808179177639337,0.712757537136586,1.44672671221679,1.64791843300216,0.595775142163689,0.887110924281364,0.579818495252942,0.776528789498996,0.756117792238869,0.712757537136586,1.92442205190331,1.27296567581289,NA
CA_LA_JC_PJ95_3,0.673638854388719,0.623516146893192,0.94171057026386,1.04716507708679,0.808179177639337,0,0.914800911205607,1.92640182288409,1.94527198687551,0.970089737173164,1.01011109100993,0.895190554628967,0.990500734433292,0.500086107927429,0.914800911205607,1.23649200241555,NA,1.66323691773311
CA_LA_JC_PJ95_4,0.773189888233482,1.02567490340641,0.935901088450796,0.852803488729138,0.712757537136586,0.914800911205607,0,2.15948424935337,0.97438160901886,1.42631571495666,0.619039208406223,0.712757537136586,0.935901088450796,1.02085060684849,0.424883193965266,0.754448341606111,1.44672671221679,2.30178445231056
CA_LA_JC_PJ95_5,1.17865499634165,2.36067597013875,1.29257603238953,1.28024750355608,1.44672671221679,1.92640182288409,2.15948424935337,0,1.66752878957881,1.83178082306482,2.34180580614733,1.85219182032495,1.73440878466857,1.51332709194629,1.31218638896617,1.69271798019904,1.15904463976501,1.60863727175061
CA_LA_JC_PJ95_9,0.925591444849428,1.90954250488444,1.31144619638095,1.36811053903445,1.64791843300216,1.94527198687551,0.97438160901886,1.66752878957881,0,1.03972077083992,0.712017344551369,1.46559687620821,1.17791480375643,1.62750743574204,1.48520723278485,1.01844096363052,1.00606454682977,2.13833305950803
CA_LA_JC_PJ96_1,0.355874303255245,0.934360255182092,1.32666265070648,0.770222520473574,0.595775142163689,0.970089737173164,1.42631571495666,1.83178082306482,1.03972077083992,0,0.820179911386343,0.633515470146537,0.947173029001578,0.826678573184468,1.2721650351294,2.05816173447044,1.0583986641118,2.77258872223978
CA_LA_JC_PJ96_10,0.655406852577098,0.75123805770465,0.753579531656841,0.621001874671814,0.887110924281364,1.01011109100993,0.619039208406223,2.34180580614733,0.712017344551369,0.820179911386343,0,0.673536823983305,0.753579531656841,0.653125826723177,0.517256514096281,1.25088522792,1.44672671221679,3.21807518418471
CA_LA_JC_PJ96_11,0.753579531656841,0.954771252442219,0.653926467406664,0.357769435437423,0.579818495252942,0.895190554628967,0.712757537136586,1.85219182032495,1.46559687620821,0.633515470146537,0.673536823983305,0,0.446287102628419,1.18356180706581,0.753579531656841,1.47243692816025,1.34707364796661,2.28217409573392
CA_LA_JC_PJ96_12,0.796139146075637,1.17791480375643,0.776528789498996,0.924164910358225,0.776528789498996,0.990500734433292,0.935901088450796,1.73440878466857,1.17791480375643,0.947173029001578,0.753579531656841,0.446287102628419,0,1.40670535838002,0.887110924281364,1.47243692816025,2.52572864430826,2.50531764704813
CA_LA_JC_PJ96_2,0.61538549874033,0.88557009101266,1.11902328592824,1.1150630067653,0.756117792238869,0.500086107927429,1.02085060684849,1.51332709194629,1.62750743574204,0.826678573184468,0.653125826723177,1.18356180706581,1.40670535838002,0,0.733168534396713,1.28497184623696,1.40670535838002,2.484906649788
CA_LA_JC_PJ96_3,0.815749502652278,0.879071429214535,0.530435980342632,0.621001874671814,0.712757537136586,0.914800911205607,0.424883193965266,1.31218638896617,1.48520723278485,1.2721650351294,0.517256514096281,0.753579531656841,0.887110924281364,0.733168534396713,0,1.05672921347905,1.29257603238953,2.81261007607655
CA_LA_JC_PJ96_4,1.40503590774726,1.51091744872831,0.979960443062456,1.28793921399686,1.92442205190331,1.23649200241555,0.754448341606111,1.69271798019904,1.01844096363052,2.05816173447044,1.25088522792,1.47243692816025,1.47243692816025,1.28497184623696,1.05672921347905,0,1.09774347871884,1.90401105464318
CA_LA_JC_PJ96_5,1.22358316090258,2.56420916487632,1.6094379124341,1.32963001846639,1.27296567581289,NA,1.44672671221679,1.15904463976501,1.00606454682977,1.0583986641118,1.44672671221679,1.34707364796661,2.52572864430826,1.40670535838002,1.29257603238953,1.09774347871884,0,2.09985253893996
CA_LA_JC_PJ96_6,2.52492800362477,1.85065098705625,2.28217409573392,2.56198198970163,NA,1.66323691773311,2.30178445231056,1.60863727175061,2.13833305950803,2.77258872223978,3.21807518418471,2.28217409573392,2.50531764704813,2.484906649788,2.81261007607655,1.90401105464318,2.09985253893996,0
