,CA_GM17_1,CA_GM17_2,CA_GM17_3,CA_GM17_4,CA_GM17_5,CA_GM17_7
CA_GM17_1,0,0.826678573184468,0.133531392624523,0.826678573184468,0.575364144903562,1.16315080980568
CA_GM17_2,0.826678573184468,0,0.693147180559945,1.16315080980568,0.826678573184468,0.826678573184468
CA_GM17_3,0.133531392624523,0.693147180559945,0,0.980829253011726,0.575364144903562,0.826678573184468
CA_GM17_4,0.826678573184468,1.16315080980568,0.980829253011726,0,0.470003629245736,0.980829253011726
CA_GM17_5,0.575364144903562,0.826678573184468,0.575364144903562,0.470003629245736,0,0.826678573184468
CA_GM17_7,1.16315080980568,0.826678573184468,0.826678573184468,0.980829253011726,0.826678573184468,0
