,AZ_GM50_1,AZ_GM50_11,AZ_GM50_3,AZ_GM50_4,AZ_GM50_5,AZ_GM50_6
AZ_GM50_1,0.0,1.16315080980568,1.16315080980568,2.07944154167984,0.20763936477824396,1.16315080980568
AZ_GM50_11,1.16315080980568,0.0,1.67397643357167,1.67397643357167,0.826678573184468,0.287682072451781
AZ_GM50_3,1.16315080980568,1.67397643357167,0.0,0.693147180559945,1.16315080980568,2.07944154167984
AZ_GM50_4,2.07944154167984,1.67397643357167,0.693147180559945,0.0,1.67397643357167,2.07944154167984
AZ_GM50_5,0.20763936477824396,0.826678573184468,1.16315080980568,1.67397643357167,0.0,0.693147180559945
AZ_GM50_6,1.16315080980568,0.287682072451781,2.07944154167984,2.07944154167984,0.693147180559945,0.0
